0
0 0 0 0 0 0 0 0 0 0 0 0 0 0 0 0
0.382683 0.382683 0.382683 0.382683 0.382683 0.382683 0.382683 0.382683 0.382683 0.382683 0.382683 0.382683 0.382683 0.382683 0.382683 0.382683
0.707107 0.707107 0.707107 0.707107 0.707107 0.707107 0.707107 0.707107 0.707107 0.707107 0.707107 0.707107 0.707107 0.707107 0.707107 0.707107
0.92388 0.92388 0.92388 0.92388 0.92388 0.92388 0.92388 0.92388 0.92388 0.92388 0.92388 0.92388 0.92388 0.92388 0.92388 0.92388
1 1 1 1 1 1 1 1 1 1 1 1 1 1 1 1
0.92388 0.92388 0.92388 0.92388 0.92388 0.92388 0.92388 0.92388 0.92388 0.92388 0.92388 0.92388 0.92388 0.92388 0.92388 0.92388
0.707107 0.707107 0.707107 0.707107 0.707107 0.707107 0.707107 0.707107 0.707107 0.707107 0.707107 0.707107 0.707107 0.707107 0.707107 0.707107
0.382683 0.382683 0.382683 0.382683 0.382683 0.382683 0.382683 0.382683 0.382683 0.382683 0.382683 0.382683 0.382683 0.382683 0.382683 0.382683
1.22465e-16 1.22465e-16 1.22465e-16 1.22465e-16 1.22465e-16 1.22465e-16 1.22465e-16 1.22465e-16 1.22465e-16 1.22465e-16 1.22465e-16 1.22465e-16 1.22465e-16 1.22465e-16 1.22465e-16 1.22465e-16
-0.382683 -0.382683 -0.382683 -0.382683 -0.382683 -0.382683 -0.382683 -0.382683 -0.382683 -0.382683 -0.382683 -0.382683 -0.382683 -0.382683 -0.382683 -0.382683
-0.707107 -0.707107 -0.707107 -0.707107 -0.707107 -0.707107 -0.707107 -0.707107 -0.707107 -0.707107 -0.707107 -0.707107 -0.707107 -0.707107 -0.707107 -0.707107
-0.92388 -0.92388 -0.92388 -0.92388 -0.92388 -0.92388 -0.92388 -0.92388 -0.92388 -0.92388 -0.92388 -0.92388 -0.92388 -0.92388 -0.92388 -0.92388
-1 -1 -1 -1 -1 -1 -1 -1 -1 -1 -1 -1 -1 -1 -1 -1
-0.92388 -0.92388 -0.92388 -0.92388 -0.92388 -0.92388 -0.92388 -0.92388 -0.92388 -0.92388 -0.92388 -0.92388 -0.92388 -0.92388 -0.92388 -0.92388
-0.707107 -0.707107 -0.707107 -0.707107 -0.707107 -0.707107 -0.707107 -0.707107 -0.707107 -0.707107 -0.707107 -0.707107 -0.707107 -0.707107 -0.707107 -0.707107
-0.382683 -0.382683 -0.382683 -0.382683 -0.382683 -0.382683 -0.382683 -0.382683 -0.382683 -0.382683 -0.382683 -0.382683 -0.382683 -0.382683 -0.382683 -0.382683

0.1
-0.00771124 -0.00771124 -0.00771124 -0.00771124 -0.00771124 -0.00771124 -0.00771124 -0.00771124 -0.00771124 -0.00771124 -0.00771124 -0.00771124 -0.00771124 -0.00771124 -0.00771124 -0.00771124
0.37614 0.37614 0.37614 0.37614 0.37614 0.37614 0.37614 0.37614 0.37614 0.37614 0.37614 0.37614 0.37614 0.37614 0.37614 0.37614
0.703294 0.703294 0.703294 0.703294 0.703294 0.703294 0.703294 0.703294 0.703294 0.703294 0.703294 0.703294 0.703294 0.703294 0.703294 0.703294
0.922766 0.922766 0.922766 0.922766 0.922766 0.922766 0.922766 0.922766 0.922766 0.922766 0.922766 0.922766 0.922766 0.922766 0.922766 0.922766
1 1 1 1 1 1 1 1 1 1 1 1 1 1 1 1
0.922766 0.922766 0.922766 0.922766 0.922766 0.922766 0.922766 0.922766 0.922766 0.922766 0.922766 0.922766 0.922766 0.922766 0.922766 0.922766
0.703294 0.703294 0.703294 0.703294 0.703294 0.703294 0.703294 0.703294 0.703294 0.703294 0.703294 0.703294 0.703294 0.703294 0.703294 0.703294
0.37614 0.37614 0.37614 0.37614 0.37614 0.37614 0.37614 0.37614 0.37614 0.37614 0.37614 0.37614 0.37614 0.37614 0.37614 0.37614
-0.00771124 -0.00771124 -0.00771124 -0.00771124 -0.00771124 -0.00771124 -0.00771124 -0.00771124 -0.00771124 -0.00771124 -0.00771124 -0.00771124 -0.00771124 -0.00771124 -0.00771124 -0.00771124
-0.389304 -0.389304 -0.389304 -0.389304 -0.389304 -0.389304 -0.389304 -0.389304 -0.389304 -0.389304 -0.389304 -0.389304 -0.389304 -0.389304 -0.389304 -0.389304
-0.711004 -0.711004 -0.711004 -0.711004 -0.711004 -0.711004 -0.711004 -0.711004 -0.711004 -0.711004 -0.711004 -0.711004 -0.711004 -0.711004 -0.711004 -0.711004
-0.925025 -0.925025 -0.925025 -0.925025 -0.925025 -0.925025 -0.925025 -0.925025 -0.925025 -0.925025 -0.925025 -0.925025 -0.925025 -0.925025 -0.925025 -0.925025
-1 -1 -1 -1 -1 -1 -1 -1 -1 -1 -1 -1 -1 -1 -1 -1
-0.925025 -0.925025 -0.925025 -0.925025 -0.925025 -0.925025 -0.925025 -0.925025 -0.925025 -0.925025 -0.925025 -0.925025 -0.925025 -0.925025 -0.925025 -0.925025
-0.711004 -0.711004 -0.711004 -0.711004 -0.711004 -0.711004 -0.711004 -0.711004 -0.711004 -0.711004 -0.711004 -0.711004 -0.711004 -0.711004 -0.711004 -0.711004
-0.389304 -0.389304 -0.389304 -0.389304 -0.389304 -0.389304 -0.389304 -0.389304 -0.389304 -0.389304 -0.389304 -0.389304 -0.389304 -0.389304 -0.389304 -0.389304

0.28
-0.0216032 -0.0216032 -0.0216032 -0.0216032 -0.0216032 -0.0216032 -0.0216032 -0.0216032 -0.0216032 -0.0216032 -0.0216032 -0.0216032 -0.0216032 -0.0216032 -0.0216032 -0.0216032
0.364552 0.364552 0.364552 0.364552 0.364552 0.364552 0.364552 0.364552 0.364552 0.364552 0.364552 0.364552 0.364552 0.364552 0.364552 0.364552
0.696642 0.696642 0.696642 0.696642 0.696642 0.696642 0.696642 0.696642 0.696642 0.696642 0.696642 0.696642 0.696642 0.696642 0.696642 0.696642
0.920845 0.920845 0.920845 0.920845 0.920845 0.920845 0.920845 0.920845 0.920845 0.920845 0.920845 0.920845 0.920845 0.920845 0.920845 0.920845
1 1 1 1 1 1 1 1 1 1 1 1 1 1 1 1
0.920845 0.920845 0.920845 0.920845 0.920845 0.920845 0.920845 0.920845 0.920845 0.920845 0.920845 0.920845 0.920845 0.920845 0.920845 0.920845
0.696642 0.696642 0.696642 0.696642 0.696642 0.696642 0.696642 0.696642 0.696642 0.696642 0.696642 0.696642 0.696642 0.696642 0.696642 0.696642
0.364552 0.364552 0.364552 0.364552 0.364552 0.364552 0.364552 0.364552 0.364552 0.364552 0.364552 0.364552 0.364552 0.364552 0.364552 0.364552
-0.0216032 -0.0216032 -0.0216032 -0.0216032 -0.0216032 -0.0216032 -0.0216032 -0.0216032 -0.0216032 -0.0216032 -0.0216032 -0.0216032 -0.0216032 -0.0216032 -0.0216032 -0.0216032
-0.401424 -0.401424 -0.401424 -0.401424 -0.401424 -0.401424 -0.401424 -0.401424 -0.401424 -0.401424 -0.401424 -0.401424 -0.401424 -0.401424 -0.401424 -0.401424
-0.718231 -0.718231 -0.718231 -0.718231 -0.718231 -0.718231 -0.718231 -0.718231 -0.718231 -0.718231 -0.718231 -0.718231 -0.718231 -0.718231 -0.718231 -0.718231
-0.927166 -0.927166 -0.927166 -0.927166 -0.927166 -0.927166 -0.927166 -0.927166 -0.927166 -0.927166 -0.927166 -0.927166 -0.927166 -0.927166 -0.927166 -0.927166
-1 -1 -1 -1 -1 -1 -1 -1 -1 -1 -1 -1 -1 -1 -1 -1
-0.927166 -0.927166 -0.927166 -0.927166 -0.927166 -0.927166 -0.927166 -0.927166 -0.927166 -0.927166 -0.927166 -0.927166 -0.927166 -0.927166 -0.927166 -0.927166
-0.718231 -0.718231 -0.718231 -0.718231 -0.718231 -0.718231 -0.718231 -0.718231 -0.718231 -0.718231 -0.718231 -0.718231 -0.718231 -0.718231 -0.718231 -0.718231
-0.401424 -0.401424 -0.401424 -0.401424 -0.401424 -0.401424 -0.401424 -0.401424 -0.401424 -0.401424 -0.401424 -0.401424 -0.401424 -0.401424 -0.401424 -0.401424

0.48
-0.0370788 -0.0370788 -0.0370788 -0.0370788 -0.0370788 -0.0370788 -0.0370788 -0.0370788 -0.0370788 -0.0370788 -0.0370788 -0.0370788 -0.0370788 -0.0370788 -0.0370788 -0.0370788
0.351949 0.351949 0.351949 0.351949 0.351949 0.351949 0.351949 0.351949 0.351949 0.351949 0.351949 0.351949 0.351949 0.351949 0.351949 0.351949
0.68957 0.68957 0.68957 0.68957 0.68957 0.68957 0.68957 0.68957 0.68957 0.68957 0.68957 0.68957 0.68957 0.68957 0.68957 0.68957
0.918836 0.918836 0.918836 0.918836 0.918836 0.918836 0.918836 0.918836 0.918836 0.918836 0.918836 0.918836 0.918836 0.918836 0.918836 0.918836
1 1 1 1 1 1 1 1 1 1 1 1 1 1 1 1
0.918836 0.918836 0.918836 0.918836 0.918836 0.918836 0.918836 0.918836 0.918836 0.918836 0.918836 0.918836 0.918836 0.918836 0.918836 0.918836
0.68957 0.68957 0.68957 0.68957 0.68957 0.68957 0.68957 0.68957 0.68957 0.68957 0.68957 0.68957 0.68957 0.68957 0.68957 0.68957
0.351949 0.351949 0.351949 0.351949 0.351949 0.351949 0.351949 0.351949 0.351949 0.351949 0.351949 0.351949 0.351949 0.351949 0.351949 0.351949
-0.0370788 -0.0370788 -0.0370788 -0.0370788 -0.0370788 -0.0370788 -0.0370788 -0.0370788 -0.0370788 -0.0370788 -0.0370788 -0.0370788 -0.0370788 -0.0370788 -0.0370788 -0.0370788
-0.415213 -0.415213 -0.415213 -0.415213 -0.415213 -0.415213 -0.415213 -0.415213 -0.415213 -0.415213 -0.415213 -0.415213 -0.415213 -0.415213 -0.415213 -0.415213
-0.726581 -0.726581 -0.726581 -0.726581 -0.726581 -0.726581 -0.726581 -0.726581 -0.726581 -0.726581 -0.726581 -0.726581 -0.726581 -0.726581 -0.726581 -0.726581
-0.929662 -0.929662 -0.929662 -0.929662 -0.929662 -0.929662 -0.929662 -0.929662 -0.929662 -0.929662 -0.929662 -0.929662 -0.929662 -0.929662 -0.929662 -0.929662
-1 -1 -1 -1 -1 -1 -1 -1 -1 -1 -1 -1 -1 -1 -1 -1
-0.929662 -0.929662 -0.929662 -0.929662 -0.929662 -0.929662 -0.929662 -0.929662 -0.929662 -0.929662 -0.929662 -0.929662 -0.929662 -0.929662 -0.929662 -0.929662
-0.726581 -0.726581 -0.726581 -0.726581 -0.726581 -0.726581 -0.726581 -0.726581 -0.726581 -0.726581 -0.726581 -0.726581 -0.726581 -0.726581 -0.726581 -0.726581
-0.415213 -0.415213 -0.415213 -0.415213 -0.415213 -0.415213 -0.415213 -0.415213 -0.415213 -0.415213 -0.415213 -0.415213 -0.415213 -0.415213 -0.415213 -0.415213

0.68
-0.0526257 -0.0526257 -0.0526257 -0.0526257 -0.0526257 -0.0526257 -0.0526257 -0.0526257 -0.0526257 -0.0526257 -0.0526257 -0.0526257 -0.0526257 -0.0526257 -0.0526257 -0.0526257
0.33962 0.33962 0.33962 0.33962 0.33962 0.33962 0.33962 0.33962 0.33962 0.33962 0.33962 0.33962 0.33962 0.33962 0.33962 0.33962
0.682836 0.682836 0.682836 0.682836 0.682836 0.682836 0.682836 0.682836 0.682836 0.682836 0.682836 0.682836 0.682836 0.682836 0.682836 0.682836
0.916961 0.916961 0.916961 0.916961 0.916961 0.916961 0.916961 0.916961 0.916961 0.916961 0.916961 0.916961 0.916961 0.916961 0.916961 0.916961
1 1 1 1 1 1 1 1 1 1 1 1 1 1 1 1
0.916961 0.916961 0.916961 0.916961 0.916961 0.916961 0.916961 0.916961 0.916961 0.916961 0.916961 0.916961 0.916961 0.916961 0.916961 0.916961
0.682836 0.682836 0.682836 0.682836 0.682836 0.682836 0.682836 0.682836 0.682836 0.682836 0.682836 0.682836 0.682836 0.682836 0.682836 0.682836
0.33962 0.33962 0.33962 0.33962 0.33962 0.33962 0.33962 0.33962 0.33962 0.33962 0.33962 0.33962 0.33962 0.33962 0.33962 0.33962
-0.0526257 -0.0526257 -0.0526257 -0.0526257 -0.0526257 -0.0526257 -0.0526257 -0.0526257 -0.0526257 -0.0526257 -0.0526257 -0.0526257 -0.0526257 -0.0526257 -0.0526257 -0.0526257
-0.42936 -0.42936 -0.42936 -0.42936 -0.42936 -0.42936 -0.42936 -0.42936 -0.42936 -0.42936 -0.42936 -0.42936 -0.42936 -0.42936 -0.42936 -0.42936
-0.735267 -0.735267 -0.735267 -0.735267 -0.735267 -0.735267 -0.735267 -0.735267 -0.735267 -0.735267 -0.735267 -0.735267 -0.735267 -0.735267 -0.735267 -0.735267
-0.932278 -0.932278 -0.932278 -0.932278 -0.932278 -0.932278 -0.932278 -0.932278 -0.932278 -0.932278 -0.932278 -0.932278 -0.932278 -0.932278 -0.932278 -0.932278
-1 -1 -1 -1 -1 -1 -1 -1 -1 -1 -1 -1 -1 -1 -1 -1
-0.932278 -0.932278 -0.932278 -0.932278 -0.932278 -0.932278 -0.932278 -0.932278 -0.932278 -0.932278 -0.932278 -0.932278 -0.932278 -0.932278 -0.932278 -0.932278
-0.735267 -0.735267 -0.735267 -0.735267 -0.735267 -0.735267 -0.735267 -0.735267 -0.735267 -0.735267 -0.735267 -0.735267 -0.735267 -0.735267 -0.735267 -0.735267
-0.42936 -0.42936 -0.42936 -0.42936 -0.42936 -0.42936 -0.42936 -0.42936 -0.42936 -0.42936 -0.42936 -0.42936 -0.42936 -0.42936 -0.42936 -0.42936

0.88
-0.0682747 -0.0682747 -0.0682747 -0.0682747 -0.0682747 -0.0682747 -0.0682747 -0.0682747 -0.0682747 -0.0682747 -0.0682747 -0.0682747 -0.0682747 -0.0682747 -0.0682747 -0.0682747
0.327553 0.327553 0.327553 0.327553 0.327553 0.327553 0.327553 0.327553 0.327553 0.327553 0.327553 0.327553 0.327553 0.327553 0.327553 0.327553
0.676439 0.676439 0.676439 0.676439 0.676439 0.676439 0.676439 0.676439 0.676439 0.676439 0.676439 0.676439 0.676439 0.676439 0.676439 0.676439
0.915221 0.915221 0.915221 0.915221 0.915221 0.915221 0.915221 0.915221 0.915221 0.915221 0.915221 0.915221 0.915221 0.915221 0.915221 0.915221
1 1 1 1 1 1 1 1 1 1 1 1 1 1 1 1
0.915221 0.915221 0.915221 0.915221 0.915221 0.915221 0.915221 0.915221 0.915221 0.915221 0.915221 0.915221 0.915221 0.915221 0.915221 0.915221
0.676439 0.676439 0.676439 0.676439 0.676439 0.676439 0.676439 0.676439 0.676439 0.676439 0.676439 0.676439 0.676439 0.676439 0.676439 0.676439
0.327553 0.327553 0.327553 0.327553 0.327553 0.327553 0.327553 0.327553 0.327553 0.327553 0.327553 0.327553 0.327553 0.327553 0.327553 0.327553
-0.0682747 -0.0682747 -0.0682747 -0.0682747 -0.0682747 -0.0682747 -0.0682747 -0.0682747 -0.0682747 -0.0682747 -0.0682747 -0.0682747 -0.0682747 -0.0682747 -0.0682747 -0.0682747
-0.443891 -0.443891 -0.443891 -0.443891 -0.443891 -0.443891 -0.443891 -0.443891 -0.443891 -0.443891 -0.443891 -0.443891 -0.443891 -0.443891 -0.443891 -0.443891
-0.744291 -0.744291 -0.744291 -0.744291 -0.744291 -0.744291 -0.744291 -0.744291 -0.744291 -0.744291 -0.744291 -0.744291 -0.744291 -0.744291 -0.744291 -0.744291
-0.935009 -0.935009 -0.935009 -0.935009 -0.935009 -0.935009 -0.935009 -0.935009 -0.935009 -0.935009 -0.935009 -0.935009 -0.935009 -0.935009 -0.935009 -0.935009
-1 -1 -1 -1 -1 -1 -1 -1 -1 -1 -1 -1 -1 -1 -1 -1
-0.935009 -0.935009 -0.935009 -0.935009 -0.935009 -0.935009 -0.935009 -0.935009 -0.935009 -0.935009 -0.935009 -0.935009 -0.935009 -0.935009 -0.935009 -0.935009
-0.744291 -0.744291 -0.744291 -0.744291 -0.744291 -0.744291 -0.744291 -0.744291 -0.744291 -0.744291 -0.744291 -0.744291 -0.744291 -0.744291 -0.744291 -0.744291
-0.443891 -0.443891 -0.443891 -0.443891 -0.443891 -0.443891 -0.443891 -0.443891 -0.443891 -0.443891 -0.443891 -0.443891 -0.443891 -0.443891 -0.443891 -0.443891

1.08
-0.0840579 -0.0840579 -0.0840579 -0.0840579 -0.0840579 -0.0840579 -0.0840579 -0.0840579 -0.0840579 -0.0840579 -0.0840579 -0.0840579 -0.0840579 -0.0840579 -0.0840579 -0.0840579
0.315736 0.315736 0.315736 0.315736 0.315736 0.315736 0.315736 0.315736 0.315736 0.315736 0.315736 0.315736 0.315736 0.315736 0.315736 0.315736
0.67038 0.67038 0.67038 0.67038 0.67038 0.67038 0.67038 0.67038 0.67038 0.67038 0.67038 0.67038 0.67038 0.67038 0.67038 0.67038
0.913615 0.913615 0.913615 0.913615 0.913615 0.913615 0.913615 0.913615 0.913615 0.913615 0.913615 0.913615 0.913615 0.913615 0.913615 0.913615
1 1 1 1 1 1 1 1 1 1 1 1 1 1 1 1
0.913615 0.913615 0.913615 0.913615 0.913615 0.913615 0.913615 0.913615 0.913615 0.913615 0.913615 0.913615 0.913615 0.913615 0.913615 0.913615
0.67038 0.67038 0.67038 0.67038 0.67038 0.67038 0.67038 0.67038 0.67038 0.67038 0.67038 0.67038 0.67038 0.67038 0.67038 0.67038
0.315736 0.315736 0.315736 0.315736 0.315736 0.315736 0.315736 0.315736 0.315736 0.315736 0.315736 0.315736 0.315736 0.315736 0.315736 0.315736
-0.0840579 -0.0840579 -0.0840579 -0.0840579 -0.0840579 -0.0840579 -0.0840579 -0.0840579 -0.0840579 -0.0840579 -0.0840579 -0.0840579 -0.0840579 -0.0840579 -0.0840579 -0.0840579
-0.45883 -0.45883 -0.45883 -0.45883 -0.45883 -0.45883 -0.45883 -0.45883 -0.45883 -0.45883 -0.45883 -0.45883 -0.45883 -0.45883 -0.45883 -0.45883
-0.753651 -0.753651 -0.753651 -0.753651 -0.753651 -0.753651 -0.753651 -0.753651 -0.753651 -0.753651 -0.753651 -0.753651 -0.753651 -0.753651 -0.753651 -0.753651
-0.937849 -0.937849 -0.937849 -0.937849 -0.937849 -0.937849 -0.937849 -0.937849 -0.937849 -0.937849 -0.937849 -0.937849 -0.937849 -0.937849 -0.937849 -0.937849
-1 -1 -1 -1 -1 -1 -1 -1 -1 -1 -1 -1 -1 -1 -1 -1
-0.937849 -0.937849 -0.937849 -0.937849 -0.937849 -0.937849 -0.937849 -0.937849 -0.937849 -0.937849 -0.937849 -0.937849 -0.937849 -0.937849 -0.937849 -0.937849
-0.753651 -0.753651 -0.753651 -0.753651 -0.753651 -0.753651 -0.753651 -0.753651 -0.753651 -0.753651 -0.753651 -0.753651 -0.753651 -0.753651 -0.753651 -0.753651
-0.45883 -0.45883 -0.45883 -0.45883 -0.45883 -0.45883 -0.45883 -0.45883 -0.45883 -0.45883 -0.45883 -0.45883 -0.45883 -0.45883 -0.45883 -0.45883

1.28
-0.100009 -0.100009 -0.100009 -0.100009 -0.100009 -0.100009 -0.100009 -0.100009 -0.100009 -0.100009 -0.100009 -0.100009 -0.100009 -0.100009 -0.100009 -0.100009
0.304162 0.304162 0.304162 0.304162 0.304162 0.304162 0.304162 0.304162 0.304162 0.304162 0.304162 0.304162 0.304162 0.304162 0.304162 0.304162
0.664661 0.664661 0.664661 0.664661 0.664661 0.664661 0.664661 0.664661 0.664661 0.664661 0.664661 0.664661 0.664661 0.664661 0.664661 0.664661
0.912144 0.912144 0.912144 0.912144 0.912144 0.912144 0.912144 0.912144 0.912144 0.912144 0.912144 0.912144 0.912144 0.912144 0.912144 0.912144
1 1 1 1 1 1 1 1 1 1 1 1 1 1 1 1
0.912144 0.912144 0.912144 0.912144 0.912144 0.912144 0.912144 0.912144 0.912144 0.912144 0.912144 0.912144 0.912144 0.912144 0.912144 0.912144
0.664661 0.664661 0.664661 0.664661 0.664661 0.664661 0.664661 0.664661 0.664661 0.664661 0.664661 0.664661 0.664661 0.664661 0.664661 0.664661
0.304162 0.304162 0.304162 0.304162 0.304162 0.304162 0.304162 0.304162 0.304162 0.304162 0.304162 0.304162 0.304162 0.304162 0.304162 0.304162
-0.100009 -0.100009 -0.100009 -0.100009 -0.100009 -0.100009 -0.100009 -0.100009 -0.100009 -0.100009 -0.100009 -0.100009 -0.100009 -0.100009 -0.100009 -0.100009
-0.474207 -0.474207 -0.474207 -0.474207 -0.474207 -0.474207 -0.474207 -0.474207 -0.474207 -0.474207 -0.474207 -0.474207 -0.474207 -0.474207 -0.474207 -0.474207
-0.763347 -0.763347 -0.763347 -0.763347 -0.763347 -0.763347 -0.763347 -0.763347 -0.763347 -0.763347 -0.763347 -0.763347 -0.763347 -0.763347 -0.763347 -0.763347
-0.940793 -0.940793 -0.940793 -0.940793 -0.940793 -0.940793 -0.940793 -0.940793 -0.940793 -0.940793 -0.940793 -0.940793 -0.940793 -0.940793 -0.940793 -0.940793
-1 -1 -1 -1 -1 -1 -1 -1 -1 -1 -1 -1 -1 -1 -1 -1
-0.940793 -0.940793 -0.940793 -0.940793 -0.940793 -0.940793 -0.940793 -0.940793 -0.940793 -0.940793 -0.940793 -0.940793 -0.940793 -0.940793 -0.940793 -0.940793
-0.763347 -0.763347 -0.763347 -0.763347 -0.763347 -0.763347 -0.763347 -0.763347 -0.763347 -0.763347 -0.763347 -0.763347 -0.763347 -0.763347 -0.763347 -0.763347
-0.474207 -0.474207 -0.474207 -0.474207 -0.474207 -0.474207 -0.474207 -0.474207 -0.474207 -0.474207 -0.474207 -0.474207 -0.474207 -0.474207 -0.474207 -0.474207

1.48
-0.116164 -0.116164 -0.116164 -0.116164 -0.116164 -0.116164 -0.116164 -0.116164 -0.116164 -0.116164 -0.116164 -0.116164 -0.116164 -0.116164 -0.116164 -0.116164
0.292824 0.292824 0.292824 0.292824 0.292824 0.292824 0.292824 0.292824 0.292824 0.292824 0.292824 0.292824 0.292824 0.292824 0.292824 0.292824
0.659282 0.659282 0.659282 0.659282 0.659282 0.659282 0.659282 0.659282 0.659282 0.659282 0.659282 0.659282 0.659282 0.659282 0.659282 0.659282
0.910807 0.910807 0.910807 0.910807 0.910807 0.910807 0.910807 0.910807 0.910807 0.910807 0.910807 0.910807 0.910807 0.910807 0.910807 0.910807
1 1 1 1 1 1 1 1 1 1 1 1 1 1 1 1
0.910806 0.910806 0.910806 0.910806 0.910806 0.910806 0.910806 0.910806 0.910806 0.910806 0.910806 0.910806 0.910806 0.910806 0.910806 0.910806
0.659282 0.659282 0.659282 0.659282 0.659282 0.659282 0.659282 0.659282 0.659282 0.659282 0.659282 0.659282 0.659282 0.659282 0.659282 0.659282
0.292824 0.292824 0.292824 0.292824 0.292824 0.292824 0.292824 0.292824 0.292824 0.292824 0.292824 0.292824 0.292824 0.292824 0.292824 0.292824
-0.116163 -0.116163 -0.116163 -0.116163 -0.116163 -0.116163 -0.116163 -0.116163 -0.116163 -0.116163 -0.116163 -0.116163 -0.116163 -0.116163 -0.116163 -0.116163
-0.490054 -0.490054 -0.490054 -0.490054 -0.490054 -0.490054 -0.490054 -0.490054 -0.490054 -0.490054 -0.490054 -0.490054 -0.490054 -0.490054 -0.490054 -0.490054
-0.773379 -0.773379 -0.773379 -0.773379 -0.773379 -0.773379 -0.773379 -0.773379 -0.773379 -0.773379 -0.773379 -0.773379 -0.773379 -0.773379 -0.773379 -0.773379
-0.943834 -0.943834 -0.943834 -0.943834 -0.943834 -0.943834 -0.943834 -0.943834 -0.943834 -0.943834 -0.943834 -0.943834 -0.943834 -0.943834 -0.943834 -0.943834
-1 -1 -1 -1 -1 -1 -1 -1 -1 -1 -1 -1 -1 -1 -1 -1
-0.943834 -0.943834 -0.943834 -0.943834 -0.943834 -0.943834 -0.943834 -0.943834 -0.943834 -0.943834 -0.943834 -0.943834 -0.943834 -0.943834 -0.943834 -0.943834
-0.773379 -0.773379 -0.773379 -0.773379 -0.773379 -0.773379 -0.773379 -0.773379 -0.773379 -0.773379 -0.773379 -0.773379 -0.773379 -0.773379 -0.773379 -0.773379
-0.490054 -0.490054 -0.490054 -0.490054 -0.490054 -0.490054 -0.490054 -0.490054 -0.490054 -0.490054 -0.490054 -0.490054 -0.490054 -0.490054 -0.490054 -0.490054

1.68
-0.13256 -0.13256 -0.13256 -0.13256 -0.13256 -0.13256 -0.13256 -0.13256 -0.13256 -0.13256 -0.13256 -0.13256 -0.13256 -0.13256 -0.13256 -0.13256
0.281718 0.281718 0.281718 0.281718 0.281718 0.281718 0.281718 0.281718 0.281718 0.281718 0.281718 0.281718 0.281718 0.281718 0.281718 0.281718
0.654245 0.654245 0.654245 0.654245 0.654245 0.654245 0.654245 0.654245 0.654245 0.654245 0.654245 0.654245 0.654245 0.654245 0.654245 0.654245
0.909599 0.909599 0.909599 0.909599 0.909599 0.909599 0.909599 0.909599 0.909599 0.909599 0.909599 0.909599 0.909599 0.909599 0.909599 0.909599
1 1 1 1 1 1 1 1 1 1 1 1 1 1 1 1
0.909599 0.909599 0.909599 0.909599 0.909599 0.909599 0.909599 0.909599 0.909599 0.909599 0.909599 0.909599 0.909599 0.909599 0.909599 0.909599
0.654245 0.654245 0.654245 0.654245 0.654245 0.654245 0.654245 0.654245 0.654245 0.654245 0.654245 0.654245 0.654245 0.654245 0.654245 0.654245
0.281718 0.281718 0.281718 0.281718 0.281718 0.281718 0.281718 0.281718 0.281718 0.281718 0.281718 0.281718 0.281718 0.281718 0.281718 0.281718
-0.13256 -0.13256 -0.13256 -0.13256 -0.13256 -0.13256 -0.13256 -0.13256 -0.13256 -0.13256 -0.13256 -0.13256 -0.13256 -0.13256 -0.13256 -0.13256
-0.506404 -0.506404 -0.506404 -0.506404 -0.506404 -0.506404 -0.506404 -0.506404 -0.506404 -0.506404 -0.506404 -0.506404 -0.506404 -0.506404 -0.506404 -0.506404
-0.783744 -0.783744 -0.783744 -0.783744 -0.783744 -0.783744 -0.783744 -0.783744 -0.783744 -0.783744 -0.783744 -0.783744 -0.783744 -0.783744 -0.783744 -0.783744
-0.946965 -0.946965 -0.946965 -0.946965 -0.946965 -0.946965 -0.946965 -0.946965 -0.946965 -0.946965 -0.946965 -0.946965 -0.946965 -0.946965 -0.946965 -0.946965
-1 -1 -1 -1 -1 -1 -1 -1 -1 -1 -1 -1 -1 -1 -1 -1
-0.946965 -0.946965 -0.946965 -0.946965 -0.946965 -0.946965 -0.946965 -0.946965 -0.946965 -0.946965 -0.946965 -0.946965 -0.946965 -0.946965 -0.946965 -0.946965
-0.783745 -0.783745 -0.783745 -0.783745 -0.783745 -0.783745 -0.783745 -0.783745 -0.783745 -0.783745 -0.783745 -0.783745 -0.783745 -0.783745 -0.783745 -0.783745
-0.506403 -0.506403 -0.506403 -0.506403 -0.506403 -0.506403 -0.506403 -0.506403 -0.506403 -0.506403 -0.506403 -0.506403 -0.506403 -0.506403 -0.506403 -0.506403

1.88
-0.149241 -0.149241 -0.149241 -0.149241 -0.149241 -0.149241 -0.149241 -0.149241 -0.149241 -0.149241 -0.149241 -0.149241 -0.149241 -0.149241 -0.149241 -0.149241
0.270843 0.270843 0.270843 0.270843 0.270843 0.270843 0.270843 0.270843 0.270843 0.270843 0.270843 0.270843 0.270843 0.270843 0.270843 0.270843
0.64955 0.64955 0.64955 0.64955 0.64955 0.64955 0.64955 0.64955 0.64955 0.64955 0.64955 0.64955 0.64955 0.64955 0.64955 0.64955
0.90852 0.90852 0.90852 0.90852 0.90852 0.90852 0.90852 0.90852 0.90852 0.90852 0.90852 0.90852 0.90852 0.90852 0.90852 0.90852
1 1 1 1 1 1 1 1 1 1 1 1 1 1 1 1
0.90852 0.90852 0.90852 0.90852 0.90852 0.90852 0.90852 0.90852 0.90852 0.90852 0.90852 0.90852 0.90852 0.90852 0.90852 0.90852
0.649551 0.649551 0.649551 0.649551 0.649551 0.649551 0.649551 0.649551 0.649551 0.649551 0.649551 0.649551 0.649551 0.649551 0.649551 0.649551
0.270841 0.270841 0.270841 0.270841 0.270841 0.270841 0.270841 0.270841 0.270841 0.270841 0.270841 0.270841 0.270841 0.270841 0.270841 0.270841
-0.14924 -0.14924 -0.14924 -0.14924 -0.14924 -0.14924 -0.14924 -0.14924 -0.14924 -0.14924 -0.14924 -0.14924 -0.14924 -0.14924 -0.14924 -0.14924
-0.523296 -0.523296 -0.523296 -0.523296 -0.523296 -0.523296 -0.523296 -0.523296 -0.523296 -0.523296 -0.523296 -0.523296 -0.523296 -0.523296 -0.523296 -0.523296
-0.794442 -0.794442 -0.794442 -0.794442 -0.794442 -0.794442 -0.794442 -0.794442 -0.794442 -0.794442 -0.794442 -0.794442 -0.794442 -0.794442 -0.794442 -0.794442
-0.950181 -0.950181 -0.950181 -0.950181 -0.950181 -0.950181 -0.950181 -0.950181 -0.950181 -0.950181 -0.950181 -0.950181 -0.950181 -0.950181 -0.950181 -0.950181
-1 -1 -1 -1 -1 -1 -1 -1 -1 -1 -1 -1 -1 -1 -1 -1
-0.95018 -0.95018 -0.95018 -0.95018 -0.95018 -0.95018 -0.95018 -0.95018 -0.95018 -0.95018 -0.95018 -0.95018 -0.95018 -0.95018 -0.95018 -0.95018
-0.794443 -0.794443 -0.794443 -0.794443 -0.794443 -0.794443 -0.794443 -0.794443 -0.794443 -0.794443 -0.794443 -0.794443 -0.794443 -0.794443 -0.794443 -0.794443
-0.523295 -0.523295 -0.523295 -0.523295 -0.523295 -0.523295 -0.523295 -0.523295 -0.523295 -0.523295 -0.523295 -0.523295 -0.523295 -0.523295 -0.523295 -0.523295

2.08
-0.166253 -0.166253 -0.166253 -0.166253 -0.166253 -0.166253 -0.166253 -0.166253 -0.166253 -0.166253 -0.166253 -0.166253 -0.166253 -0.166253 -0.166253 -0.166253
0.260198 0.260198 0.260198 0.260198 0.260198 0.260198 0.260198 0.260198 0.260198 0.260198 0.260198 0.260198 0.260198 0.260198 0.260198 0.260198
0.645199 0.645199 0.645199 0.645199 0.645199 0.645199 0.645199 0.645199 0.645199 0.645199 0.645199 0.645199 0.645199 0.645199 0.645199 0.645199
0.907564 0.907564 0.907564 0.907564 0.907564 0.907564 0.907564 0.907564 0.907564 0.907564 0.907564 0.907564 0.907564 0.907564 0.907564 0.907564
1 1 1 1 1 1 1 1 1 1 1 1 1 1 1 1
0.907563 0.907563 0.907563 0.907563 0.907563 0.907563 0.907563 0.907563 0.907563 0.907563 0.907563 0.907563 0.907563 0.907563 0.907563 0.907563
0.645201 0.645201 0.645201 0.645201 0.645201 0.645201 0.645201 0.645201 0.645201 0.645201 0.645201 0.645201 0.645201 0.645201 0.645201 0.645201
0.260196 0.260196 0.260196 0.260196 0.260196 0.260196 0.260196 0.260196 0.260196 0.260196 0.260196 0.260196 0.260196 0.260196 0.260196 0.260196
-0.16625 -0.16625 -0.16625 -0.16625 -0.16625 -0.16625 -0.16625 -0.16625 -0.16625 -0.16625 -0.16625 -0.16625 -0.16625 -0.16625 -0.16625 -0.16625
-0.540772 -0.540772 -0.540772 -0.540772 -0.540772 -0.540772 -0.540772 -0.540772 -0.540772 -0.540772 -0.540772 -0.540772 -0.540772 -0.540772 -0.540772 -0.540772
-0.805467 -0.805467 -0.805467 -0.805467 -0.805467 -0.805467 -0.805467 -0.805467 -0.805467 -0.805467 -0.805467 -0.805467 -0.805467 -0.805467 -0.805467 -0.805467
-0.953473 -0.953473 -0.953473 -0.953473 -0.953473 -0.953473 -0.953473 -0.953473 -0.953473 -0.953473 -0.953473 -0.953473 -0.953473 -0.953473 -0.953473 -0.953473
-1 -1 -1 -1 -1 -1 -1 -1 -1 -1 -1 -1 -1 -1 -1 -1
-0.953472 -0.953472 -0.953472 -0.953472 -0.953472 -0.953472 -0.953472 -0.953472 -0.953472 -0.953472 -0.953472 -0.953472 -0.953472 -0.953472 -0.953472 -0.953472
-0.805469 -0.805469 -0.805469 -0.805469 -0.805469 -0.805469 -0.805469 -0.805469 -0.805469 -0.805469 -0.805469 -0.805469 -0.805469 -0.805469 -0.805469 -0.805469
-0.540769 -0.540769 -0.540769 -0.540769 -0.540769 -0.540769 -0.540769 -0.540769 -0.540769 -0.540769 -0.540769 -0.540769 -0.540769 -0.540769 -0.540769 -0.540769

2.28
-0.183645 -0.183645 -0.183645 -0.183645 -0.183645 -0.183645 -0.183645 -0.183645 -0.183645 -0.183645 -0.183645 -0.183645 -0.183645 -0.183645 -0.183645 -0.183645
0.24979 0.24979 0.24979 0.24979 0.24979 0.24979 0.24979 0.24979 0.24979 0.24979 0.24979 0.24979 0.24979 0.24979 0.24979 0.24979
0.641191 0.641191 0.641191 0.641191 0.641191 0.641191 0.641191 0.641191 0.641191 0.641191 0.641191 0.641191 0.641191 0.641191 0.641191 0.641191
0.906728 0.906728 0.906728 0.906728 0.906728 0.906728 0.906728 0.906728 0.906728 0.906728 0.906728 0.906728 0.906728 0.906728 0.906728 0.906728
1 1 1 1 1 1 1 1 1 1 1 1 1 1 1 1
0.906726 0.906726 0.906726 0.906726 0.906726 0.906726 0.906726 0.906726 0.906726 0.906726 0.906726 0.906726 0.906726 0.906726 0.906726 0.906726
0.641195 0.641195 0.641195 0.641195 0.641195 0.641195 0.641195 0.641195 0.641195 0.641195 0.641195 0.641195 0.641195 0.641195 0.641195 0.641195
0.249784 0.249784 0.249784 0.249784 0.249784 0.249784 0.249784 0.249784 0.249784 0.249784 0.249784 0.249784 0.249784 0.249784 0.249784 0.249784
-0.183639 -0.183639 -0.183639 -0.183639 -0.183639 -0.183639 -0.183639 -0.183639 -0.183639 -0.183639 -0.183639 -0.183639 -0.183639 -0.183639 -0.183639 -0.183639
-0.558877 -0.558877 -0.558877 -0.558877 -0.558877 -0.558877 -0.558877 -0.558877 -0.558877 -0.558877 -0.558877 -0.558877 -0.558877 -0.558877 -0.558877 -0.558877
-0.816816 -0.816816 -0.816816 -0.816816 -0.816816 -0.816816 -0.816816 -0.816816 -0.816816 -0.816816 -0.816816 -0.816816 -0.816816 -0.816816 -0.816816 -0.816816
-0.956836 -0.956836 -0.956836 -0.956836 -0.956836 -0.956836 -0.956836 -0.956836 -0.956836 -0.956836 -0.956836 -0.956836 -0.956836 -0.956836 -0.956836 -0.956836
-1 -1 -1 -1 -1 -1 -1 -1 -1 -1 -1 -1 -1 -1 -1 -1
-0.956834 -0.956834 -0.956834 -0.956834 -0.956834 -0.956834 -0.956834 -0.956834 -0.956834 -0.956834 -0.956834 -0.956834 -0.956834 -0.956834 -0.956834 -0.956834
-0.81682 -0.81682 -0.81682 -0.81682 -0.81682 -0.81682 -0.81682 -0.81682 -0.81682 -0.81682 -0.81682 -0.81682 -0.81682 -0.81682 -0.81682 -0.81682
-0.558871 -0.558871 -0.558871 -0.558871 -0.558871 -0.558871 -0.558871 -0.558871 -0.558871 -0.558871 -0.558871 -0.558871 -0.558871 -0.558871 -0.558871 -0.558871

2.48
-0.201477 -0.201477 -0.201477 -0.201477 -0.201477 -0.201477 -0.201477 -0.201477 -0.201477 -0.201477 -0.201477 -0.201477 -0.201477 -0.201477 -0.201477 -0.201477
0.239625 0.239625 0.239625 0.239625 0.239625 0.239625 0.239625 0.239625 0.239625 0.239625 0.239625 0.239625 0.239625 0.239625 0.239625 0.239625
0.637526 0.637526 0.637526 0.637526 0.637526 0.637526 0.637526 0.637526 0.637526 0.637526 0.637526 0.637526 0.637526 0.637526 0.637526 0.637526
0.906006 0.906006 0.906006 0.906006 0.906006 0.906006 0.906006 0.906006 0.906006 0.906006 0.906006 0.906006 0.906006 0.906006 0.906006 0.906006
1 1 1 1 1 1 1 1 1 1 1 1 1 1 1 1
0.906002 0.906002 0.906002 0.906002 0.906002 0.906002 0.906002 0.906002 0.906002 0.906002 0.906002 0.906002 0.906002 0.906002 0.906002 0.906002
0.637534 0.637534 0.637534 0.637534 0.637534 0.637534 0.637534 0.637534 0.637534 0.637534 0.637534 0.637534 0.637534 0.637534 0.637534 0.637534
0.239613 0.239613 0.239613 0.239613 0.239613 0.239613 0.239613 0.239613 0.239613 0.239613 0.239613 0.239613 0.239613 0.239613 0.239613 0.239613
-0.201464 -0.201464 -0.201464 -0.201464 -0.201464 -0.201464 -0.201464 -0.201464 -0.201464 -0.201464 -0.201464 -0.201464 -0.201464 -0.201464 -0.201464 -0.201464
-0.577664 -0.577664 -0.577664 -0.577664 -0.577664 -0.577664 -0.577664 -0.577664 -0.577664 -0.577664 -0.577664 -0.577664 -0.577664 -0.577664 -0.577664 -0.577664
-0.828479 -0.828479 -0.828479 -0.828479 -0.828479 -0.828479 -0.828479 -0.828479 -0.828479 -0.828479 -0.828479 -0.828479 -0.828479 -0.828479 -0.828479 -0.828479
-0.960261 -0.960261 -0.960261 -0.960261 -0.960261 -0.960261 -0.960261 -0.960261 -0.960261 -0.960261 -0.960261 -0.960261 -0.960261 -0.960261 -0.960261 -0.960261
-1 -1 -1 -1 -1 -1 -1 -1 -1 -1 -1 -1 -1 -1 -1 -1
-0.960257 -0.960257 -0.960257 -0.960257 -0.960257 -0.960257 -0.960257 -0.960257 -0.960257 -0.960257 -0.960257 -0.960257 -0.960257 -0.960257 -0.960257 -0.960257
-0.828488 -0.828488 -0.828488 -0.828488 -0.828488 -0.828488 -0.828488 -0.828488 -0.828488 -0.828488 -0.828488 -0.828488 -0.828488 -0.828488 -0.828488 -0.828488
-0.577652 -0.577652 -0.577652 -0.577652 -0.577652 -0.577652 -0.577652 -0.577652 -0.577652 -0.577652 -0.577652 -0.577652 -0.577652 -0.577652 -0.577652 -0.577652

2.68
-0.219813 -0.219813 -0.219813 -0.219813 -0.219813 -0.219813 -0.219813 -0.219813 -0.219813 -0.219813 -0.219813 -0.219813 -0.219813 -0.219813 -0.219813 -0.219813
0.229716 0.229716 0.229716 0.229716 0.229716 0.229716 0.229716 0.229716 0.229716 0.229716 0.229716 0.229716 0.229716 0.229716 0.229716 0.229716
0.634203 0.634203 0.634203 0.634203 0.634203 0.634203 0.634203 0.634203 0.634203 0.634203 0.634203 0.634203 0.634203 0.634203 0.634203 0.634203
0.905391 0.905391 0.905391 0.905391 0.905391 0.905391 0.905391 0.905391 0.905391 0.905391 0.905391 0.905391 0.905391 0.905391 0.905391 0.905391
1 1 1 1 1 1 1 1 1 1 1 1 1 1 1 1
0.905385 0.905385 0.905385 0.905385 0.905385 0.905385 0.905385 0.905385 0.905385 0.905385 0.905385 0.905385 0.905385 0.905385 0.905385 0.905385
0.634217 0.634217 0.634217 0.634217 0.634217 0.634217 0.634217 0.634217 0.634217 0.634217 0.634217 0.634217 0.634217 0.634217 0.634217 0.634217
0.229695 0.229695 0.229695 0.229695 0.229695 0.229695 0.229695 0.229695 0.229695 0.229695 0.229695 0.229695 0.229695 0.229695 0.229695 0.229695
-0.219789 -0.219789 -0.219789 -0.219789 -0.219789 -0.219789 -0.219789 -0.219789 -0.219789 -0.219789 -0.219789 -0.219789 -0.219789 -0.219789 -0.219789 -0.219789
-0.597187 -0.597187 -0.597187 -0.597187 -0.597187 -0.597187 -0.597187 -0.597187 -0.597187 -0.597187 -0.597187 -0.597187 -0.597187 -0.597187 -0.597187 -0.597187
-0.840449 -0.840449 -0.840449 -0.840449 -0.840449 -0.840449 -0.840449 -0.840449 -0.840449 -0.840449 -0.840449 -0.840449 -0.840449 -0.840449 -0.840449 -0.840449
-0.963743 -0.963743 -0.963743 -0.963743 -0.963743 -0.963743 -0.963743 -0.963743 -0.963743 -0.963743 -0.963743 -0.963743 -0.963743 -0.963743 -0.963743 -0.963743
-1 -1 -1 -1 -1 -1 -1 -1 -1 -1 -1 -1 -1 -1 -1 -1
-0.963735 -0.963735 -0.963735 -0.963735 -0.963735 -0.963735 -0.963735 -0.963735 -0.963735 -0.963735 -0.963735 -0.963735 -0.963735 -0.963735 -0.963735 -0.963735
-0.840464 -0.840464 -0.840464 -0.840464 -0.840464 -0.840464 -0.840464 -0.840464 -0.840464 -0.840464 -0.840464 -0.840464 -0.840464 -0.840464 -0.840464 -0.840464
-0.597165 -0.597165 -0.597165 -0.597165 -0.597165 -0.597165 -0.597165 -0.597165 -0.597165 -0.597165 -0.597165 -0.597165 -0.597165 -0.597165 -0.597165 -0.597165

2.88
-0.238729 -0.238729 -0.238729 -0.238729 -0.238729 -0.238729 -0.238729 -0.238729 -0.238729 -0.238729 -0.238729 -0.238729 -0.238729 -0.238729 -0.238729 -0.238729
0.22008 0.22008 0.22008 0.22008 0.22008 0.22008 0.22008 0.22008 0.22008 0.22008 0.22008 0.22008 0.22008 0.22008 0.22008 0.22008
0.631218 0.631218 0.631218 0.631218 0.631218 0.631218 0.631218 0.631218 0.631218 0.631218 0.631218 0.631218 0.631218 0.631218 0.631218 0.631218
0.904878 0.904878 0.904878 0.904878 0.904878 0.904878 0.904878 0.904878 0.904878 0.904878 0.904878 0.904878 0.904878 0.904878 0.904878 0.904878
1 1 1 1 1 1 1 1 1 1 1 1 1 1 1 1
0.904867 0.904867 0.904867 0.904867 0.904867 0.904867 0.904867 0.904867 0.904867 0.904867 0.904867 0.904867 0.904867 0.904867 0.904867 0.904867
0.631242 0.631242 0.631242 0.631242 0.631242 0.631242 0.631242 0.631242 0.631242 0.631242 0.631242 0.631242 0.631242 0.631242 0.631242 0.631242
0.220042 0.220042 0.220042 0.220042 0.220042 0.220042 0.220042 0.220042 0.220042 0.220042 0.220042 0.220042 0.220042 0.220042 0.220042 0.220042
-0.238684 -0.238684 -0.238684 -0.238684 -0.238684 -0.238684 -0.238684 -0.238684 -0.238684 -0.238684 -0.238684 -0.238684 -0.238684 -0.238684 -0.238684 -0.238684
-0.61751 -0.61751 -0.61751 -0.61751 -0.61751 -0.61751 -0.61751 -0.61751 -0.61751 -0.61751 -0.61751 -0.61751 -0.61751 -0.61751 -0.61751 -0.61751
-0.852712 -0.852712 -0.852712 -0.852712 -0.852712 -0.852712 -0.852712 -0.852712 -0.852712 -0.852712 -0.852712 -0.852712 -0.852712 -0.852712 -0.852712 -0.852712
-0.967275 -0.967275 -0.967275 -0.967275 -0.967275 -0.967275 -0.967275 -0.967275 -0.967275 -0.967275 -0.967275 -0.967275 -0.967275 -0.967275 -0.967275 -0.967275
-1 -1 -1 -1 -1 -1 -1 -1 -1 -1 -1 -1 -1 -1 -1 -1
-0.967261 -0.967261 -0.967261 -0.967261 -0.967261 -0.967261 -0.967261 -0.967261 -0.967261 -0.967261 -0.967261 -0.967261 -0.967261 -0.967261 -0.967261 -0.967261
-0.852739 -0.852739 -0.852739 -0.852739 -0.852739 -0.852739 -0.852739 -0.852739 -0.852739 -0.852739 -0.852739 -0.852739 -0.852739 -0.852739 -0.852739 -0.852739
-0.617471 -0.617471 -0.617471 -0.617471 -0.617471 -0.617471 -0.617471 -0.617471 -0.617471 -0.617471 -0.617471 -0.617471 -0.617471 -0.617471 -0.617471 -0.617471

3.08
-0.25831 -0.25831 -0.25831 -0.25831 -0.25831 -0.25831 -0.25831 -0.25831 -0.25831 -0.25831 -0.25831 -0.25831 -0.25831 -0.25831 -0.25831 -0.25831
0.21074 0.21074 0.21074 0.21074 0.21074 0.21074 0.21074 0.21074 0.21074 0.21074 0.21074 0.21074 0.21074 0.21074 0.21074 0.21074
0.628567 0.628567 0.628567 0.628567 0.628567 0.628567 0.628567 0.628567 0.628567 0.628567 0.628567 0.628567 0.628567 0.628567 0.628567 0.628567
0.904459 0.904459 0.904459 0.904459 0.904459 0.904459 0.904459 0.904459 0.904459 0.904459 0.904459 0.904459 0.904459 0.904459 0.904459 0.904459
1 1 1 1 1 1 1 1 1 1 1 1 1 1 1 1
0.904441 0.904441 0.904441 0.904441 0.904441 0.904441 0.904441 0.904441 0.904441 0.904441 0.904441 0.904441 0.904441 0.904441 0.904441 0.904441
0.628606 0.628606 0.628606 0.628606 0.628606 0.628606 0.628606 0.628606 0.628606 0.628606 0.628606 0.628606 0.628606 0.628606 0.628606 0.628606
0.210675 0.210675 0.210675 0.210675 0.210675 0.210675 0.210675 0.210675 0.210675 0.210675 0.210675 0.210675 0.210675 0.210675 0.210675 0.210675
-0.258232 -0.258232 -0.258232 -0.258232 -0.258232 -0.258232 -0.258232 -0.258232 -0.258232 -0.258232 -0.258232 -0.258232 -0.258232 -0.258232 -0.258232 -0.258232
-0.638703 -0.638703 -0.638703 -0.638703 -0.638703 -0.638703 -0.638703 -0.638703 -0.638703 -0.638703 -0.638703 -0.638703 -0.638703 -0.638703 -0.638703 -0.638703
-0.865252 -0.865252 -0.865252 -0.865252 -0.865252 -0.865252 -0.865252 -0.865252 -0.865252 -0.865252 -0.865252 -0.865252 -0.865252 -0.865252 -0.865252 -0.865252
-0.970851 -0.970851 -0.970851 -0.970851 -0.970851 -0.970851 -0.970851 -0.970851 -0.970851 -0.970851 -0.970851 -0.970851 -0.970851 -0.970851 -0.970851 -0.970851
-1 -1 -1 -1 -1 -1 -1 -1 -1 -1 -1 -1 -1 -1 -1 -1
-0.970828 -0.970828 -0.970828 -0.970828 -0.970828 -0.970828 -0.970828 -0.970828 -0.970828 -0.970828 -0.970828 -0.970828 -0.970828 -0.970828 -0.970828 -0.970828
-0.865298 -0.865298 -0.865298 -0.865298 -0.865298 -0.865298 -0.865298 -0.865298 -0.865298 -0.865298 -0.865298 -0.865298 -0.865298 -0.865298 -0.865298 -0.865298
-0.638635 -0.638635 -0.638635 -0.638635 -0.638635 -0.638635 -0.638635 -0.638635 -0.638635 -0.638635 -0.638635 -0.638635 -0.638635 -0.638635 -0.638635 -0.638635

3.28
-0.278658 -0.278658 -0.278658 -0.278658 -0.278658 -0.278658 -0.278658 -0.278658 -0.278658 -0.278658 -0.278658 -0.278658 -0.278658 -0.278658 -0.278658 -0.278658
0.201726 0.201726 0.201726 0.201726 0.201726 0.201726 0.201726 0.201726 0.201726 0.201726 0.201726 0.201726 0.201726 0.201726 0.201726 0.201726
0.626242 0.626242 0.626242 0.626242 0.626242 0.626242 0.626242 0.626242 0.626242 0.626242 0.626242 0.626242 0.626242 0.626242 0.626242 0.626242
0.904125 0.904125 0.904125 0.904125 0.904125 0.904125 0.904125 0.904125 0.904125 0.904125 0.904125 0.904125 0.904125 0.904125 0.904125 0.904125
1 1 1 1 1 1 1 1 1 1 1 1 1 1 1 1
0.904098 0.904098 0.904098 0.904098 0.904098 0.904098 0.904098 0.904098 0.904098 0.904098 0.904098 0.904098 0.904098 0.904098 0.904098 0.904098
0.626305 0.626305 0.626305 0.626305 0.626305 0.626305 0.626305 0.626305 0.626305 0.626305 0.626305 0.626305 0.626305 0.626305 0.626305 0.626305
0.201618 0.201618 0.201618 0.201618 0.201618 0.201618 0.201618 0.201618 0.201618 0.201618 0.201618 0.201618 0.201618 0.201618 0.201618 0.201618
-0.278526 -0.278526 -0.278526 -0.278526 -0.278526 -0.278526 -0.278526 -0.278526 -0.278526 -0.278526 -0.278526 -0.278526 -0.278526 -0.278526 -0.278526 -0.278526
-0.660844 -0.660844 -0.660844 -0.660844 -0.660844 -0.660844 -0.660844 -0.660844 -0.660844 -0.660844 -0.660844 -0.660844 -0.660844 -0.660844 -0.660844 -0.660844
-0.878049 -0.878049 -0.878049 -0.878049 -0.878049 -0.878049 -0.878049 -0.878049 -0.878049 -0.878049 -0.878049 -0.878049 -0.878049 -0.878049 -0.878049 -0.878049
-0.974467 -0.974467 -0.974467 -0.974467 -0.974467 -0.974467 -0.974467 -0.974467 -0.974467 -0.974467 -0.974467 -0.974467 -0.974467 -0.974467 -0.974467 -0.974467
-1 -1 -1 -1 -1 -1 -1 -1 -1 -1 -1 -1 -1 -1 -1 -1
-0.974429 -0.974429 -0.974429 -0.974429 -0.974429 -0.974429 -0.974429 -0.974429 -0.974429 -0.974429 -0.974429 -0.974429 -0.974429 -0.974429 -0.974429 -0.974429
-0.878125 -0.878125 -0.878125 -0.878125 -0.878125 -0.878125 -0.878125 -0.878125 -0.878125 -0.878125 -0.878125 -0.878125 -0.878125 -0.878125 -0.878125 -0.878125
-0.660731 -0.660731 -0.660731 -0.660731 -0.660731 -0.660731 -0.660731 -0.660731 -0.660731 -0.660731 -0.660731 -0.660731 -0.660731 -0.660731 -0.660731 -0.660731

3.48
-0.299891 -0.299891 -0.299891 -0.299891 -0.299891 -0.299891 -0.299891 -0.299891 -0.299891 -0.299891 -0.299891 -0.299891 -0.299891 -0.299891 -0.299891 -0.299891
0.193074 0.193074 0.193074 0.193074 0.193074 0.193074 0.193074 0.193074 0.193074 0.193074 0.193074 0.193074 0.193074 0.193074 0.193074 0.193074
0.624233 0.624233 0.624233 0.624233 0.624233 0.624233 0.624233 0.624233 0.624233 0.624233 0.624233 0.624233 0.624233 0.624233 0.624233 0.624233
0.90387 0.90387 0.90387 0.90387 0.90387 0.90387 0.90387 0.90387 0.90387 0.90387 0.90387 0.90387 0.90387 0.90387 0.90387 0.90387
1 1 1 1 1 1 1 1 1 1 1 1 1 1 1 1
0.903829 0.903829 0.903829 0.903829 0.903829 0.903829 0.903829 0.903829 0.903829 0.903829 0.903829 0.903829 0.903829 0.903829 0.903829 0.903829
0.624332 0.624332 0.624332 0.624332 0.624332 0.624332 0.624332 0.624332 0.624332 0.624332 0.624332 0.624332 0.624332 0.624332 0.624332 0.624332
0.192901 0.192901 0.192901 0.192901 0.192901 0.192901 0.192901 0.192901 0.192901 0.192901 0.192901 0.192901 0.192901 0.192901 0.192901 0.192901
-0.299674 -0.299674 -0.299674 -0.299674 -0.299674 -0.299674 -0.299674 -0.299674 -0.299674 -0.299674 -0.299674 -0.299674 -0.299674 -0.299674 -0.299674 -0.299674
-0.684021 -0.684021 -0.684021 -0.684021 -0.684021 -0.684021 -0.684021 -0.684021 -0.684021 -0.684021 -0.684021 -0.684021 -0.684021 -0.684021 -0.684021 -0.684021
-0.891077 -0.891077 -0.891077 -0.891077 -0.891077 -0.891077 -0.891077 -0.891077 -0.891077 -0.891077 -0.891077 -0.891077 -0.891077 -0.891077 -0.891077 -0.891077
-0.978118 -0.978118 -0.978118 -0.978118 -0.978118 -0.978118 -0.978118 -0.978118 -0.978118 -0.978118 -0.978118 -0.978118 -0.978118 -0.978118 -0.978118 -0.978118
-1 -1 -1 -1 -1 -1 -1 -1 -1 -1 -1 -1 -1 -1 -1 -1
-0.978058 -0.978058 -0.978058 -0.978058 -0.978058 -0.978058 -0.978058 -0.978058 -0.978058 -0.978058 -0.978058 -0.978058 -0.978058 -0.978058 -0.978058 -0.978058
-0.891197 -0.891197 -0.891197 -0.891197 -0.891197 -0.891197 -0.891197 -0.891197 -0.891197 -0.891197 -0.891197 -0.891197 -0.891197 -0.891197 -0.891197 -0.891197
-0.683838 -0.683838 -0.683838 -0.683838 -0.683838 -0.683838 -0.683838 -0.683838 -0.683838 -0.683838 -0.683838 -0.683838 -0.683838 -0.683838 -0.683838 -0.683838

3.68
-0.322149 -0.322149 -0.322149 -0.322149 -0.322149 -0.322149 -0.322149 -0.322149 -0.322149 -0.322149 -0.322149 -0.322149 -0.322149 -0.322149 -0.322149 -0.322149
0.184831 0.184831 0.184831 0.184831 0.184831 0.184831 0.184831 0.184831 0.184831 0.184831 0.184831 0.184831 0.184831 0.184831 0.184831 0.184831
0.622529 0.622529 0.622529 0.622529 0.622529 0.622529 0.622529 0.622529 0.622529 0.622529 0.622529 0.622529 0.622529 0.622529 0.622529 0.622529
0.903682 0.903682 0.903682 0.903682 0.903682 0.903682 0.903682 0.903682 0.903682 0.903682 0.903682 0.903682 0.903682 0.903682 0.903682 0.903682
1 1 1 1 1 1 1 1 1 1 1 1 1 1 1 1
0.903624 0.903624 0.903624 0.903624 0.903624 0.903624 0.903624 0.903624 0.903624 0.903624 0.903624 0.903624 0.903624 0.903624 0.903624 0.903624
0.622677 0.622677 0.622677 0.622677 0.622677 0.622677 0.622677 0.622677 0.622677 0.622677 0.622677 0.622677 0.622677 0.622677 0.622677 0.622677
0.18456 0.18456 0.18456 0.18456 0.18456 0.18456 0.18456 0.18456 0.18456 0.18456 0.18456 0.18456 0.18456 0.18456 0.18456 0.18456
-0.321803 -0.321803 -0.321803 -0.321803 -0.321803 -0.321803 -0.321803 -0.321803 -0.321803 -0.321803 -0.321803 -0.321803 -0.321803 -0.321803 -0.321803 -0.321803
-0.708334 -0.708334 -0.708334 -0.708334 -0.708334 -0.708334 -0.708334 -0.708334 -0.708334 -0.708334 -0.708334 -0.708334 -0.708334 -0.708334 -0.708334 -0.708334
-0.904304 -0.904304 -0.904304 -0.904304 -0.904304 -0.904304 -0.904304 -0.904304 -0.904304 -0.904304 -0.904304 -0.904304 -0.904304 -0.904304 -0.904304 -0.904304
-0.981804 -0.981804 -0.981804 -0.981804 -0.981804 -0.981804 -0.981804 -0.981804 -0.981804 -0.981804 -0.981804 -0.981804 -0.981804 -0.981804 -0.981804 -0.981804
-1 -1 -1 -1 -1 -1 -1 -1 -1 -1 -1 -1 -1 -1 -1 -1
-0.98171 -0.98171 -0.98171 -0.98171 -0.98171 -0.98171 -0.98171 -0.98171 -0.98171 -0.98171 -0.98171 -0.98171 -0.98171 -0.98171 -0.98171 -0.98171
-0.904491 -0.904491 -0.904491 -0.904491 -0.904491 -0.904491 -0.904491 -0.904491 -0.904491 -0.904491 -0.904491 -0.904491 -0.904491 -0.904491 -0.904491 -0.904491
-0.708045 -0.708045 -0.708045 -0.708045 -0.708045 -0.708045 -0.708045 -0.708045 -0.708045 -0.708045 -0.708045 -0.708045 -0.708045 -0.708045 -0.708045 -0.708045

3.88
-0.345602 -0.345602 -0.345602 -0.345602 -0.345602 -0.345602 -0.345602 -0.345602 -0.345602 -0.345602 -0.345602 -0.345602 -0.345602 -0.345602 -0.345602 -0.345602
0.177052 0.177052 0.177052 0.177052 0.177052 0.177052 0.177052 0.177052 0.177052 0.177052 0.177052 0.177052 0.177052 0.177052 0.177052 0.177052
0.621114 0.621114 0.621114 0.621114 0.621114 0.621114 0.621114 0.621114 0.621114 0.621114 0.621114 0.621114 0.621114 0.621114 0.621114 0.621114
0.903554 0.903554 0.903554 0.903554 0.903554 0.903554 0.903554 0.903554 0.903554 0.903554 0.903554 0.903554 0.903554 0.903554 0.903554 0.903554
1 1 1 1 1 1 1 1 1 1 1 1 1 1 1 1
0.903474 0.903474 0.903474 0.903474 0.903474 0.903474 0.903474 0.903474 0.903474 0.903474 0.903474 0.903474 0.903474 0.903474 0.903474 0.903474
0.621328 0.621328 0.621328 0.621328 0.621328 0.621328 0.621328 0.621328 0.621328 0.621328 0.621328 0.621328 0.621328 0.621328 0.621328 0.621328
0.176639 0.176639 0.176639 0.176639 0.176639 0.176639 0.176639 0.176639 0.176639 0.176639 0.176639 0.176639 0.176639 0.176639 0.176639 0.176639
-0.345059 -0.345059 -0.345059 -0.345059 -0.345059 -0.345059 -0.345059 -0.345059 -0.345059 -0.345059 -0.345059 -0.345059 -0.345059 -0.345059 -0.345059 -0.345059
-0.733895 -0.733895 -0.733895 -0.733895 -0.733895 -0.733895 -0.733895 -0.733895 -0.733895 -0.733895 -0.733895 -0.733895 -0.733895 -0.733895 -0.733895 -0.733895
-0.917693 -0.917693 -0.917693 -0.917693 -0.917693 -0.917693 -0.917693 -0.917693 -0.917693 -0.917693 -0.917693 -0.917693 -0.917693 -0.917693 -0.917693 -0.917693
-0.985522 -0.985522 -0.985522 -0.985522 -0.985522 -0.985522 -0.985522 -0.985522 -0.985522 -0.985522 -0.985522 -0.985522 -0.985522 -0.985522 -0.985522 -0.985522
-1 -1 -1 -1 -1 -1 -1 -1 -1 -1 -1 -1 -1 -1 -1 -1
-0.98538 -0.98538 -0.98538 -0.98538 -0.98538 -0.98538 -0.98538 -0.98538 -0.98538 -0.98538 -0.98538 -0.98538 -0.98538 -0.98538 -0.98538 -0.98538
-0.917975 -0.917975 -0.917975 -0.917975 -0.917975 -0.917975 -0.917975 -0.917975 -0.917975 -0.917975 -0.917975 -0.917975 -0.917975 -0.917975 -0.917975 -0.917975
-0.733452 -0.733452 -0.733452 -0.733452 -0.733452 -0.733452 -0.733452 -0.733452 -0.733452 -0.733452 -0.733452 -0.733452 -0.733452 -0.733452 -0.733452 -0.733452

4.08
-0.370449 -0.370449 -0.370449 -0.370449 -0.370449 -0.370449 -0.370449 -0.370449 -0.370449 -0.370449 -0.370449 -0.370449 -0.370449 -0.370449 -0.370449 -0.370449
0.169801 0.169801 0.169801 0.169801 0.169801 0.169801 0.169801 0.169801 0.169801 0.169801 0.169801 0.169801 0.169801 0.169801 0.169801 0.169801
0.619967 0.619967 0.619967 0.619967 0.619967 0.619967 0.619967 0.619967 0.619967 0.619967 0.619967 0.619967 0.619967 0.619967 0.619967 0.619967
0.903475 0.903475 0.903475 0.903475 0.903475 0.903475 0.903475 0.903475 0.903475 0.903475 0.903475 0.903475 0.903475 0.903475 0.903475 0.903475
0.999999 0.999999 0.999999 0.999999 0.999999 0.999999 0.999999 0.999999 0.999999 0.999999 0.999999 0.999999 0.999999 0.999999 0.999999 0.999999
0.903369 0.903369 0.903369 0.903369 0.903369 0.903369 0.903369 0.903369 0.903369 0.903369 0.903369 0.903369 0.903369 0.903369 0.903369 0.903369
0.620269 0.620269 0.620269 0.620269 0.620269 0.620269 0.620269 0.620269 0.620269 0.620269 0.620269 0.620269 0.620269 0.620269 0.620269 0.620269
0.169185 0.169185 0.169185 0.169185 0.169185 0.169185 0.169185 0.169185 0.169185 0.169185 0.169185 0.169185 0.169185 0.169185 0.169185 0.169185
-0.369615 -0.369615 -0.369615 -0.369615 -0.369615 -0.369615 -0.369615 -0.369615 -0.369615 -0.369615 -0.369615 -0.369615 -0.369615 -0.369615 -0.369615 -0.369615
-0.760835 -0.760835 -0.760835 -0.760835 -0.760835 -0.760835 -0.760835 -0.760835 -0.760835 -0.760835 -0.760835 -0.760835 -0.760835 -0.760835 -0.760835 -0.760835
-0.931196 -0.931196 -0.931196 -0.931196 -0.931196 -0.931196 -0.931196 -0.931196 -0.931196 -0.931196 -0.931196 -0.931196 -0.931196 -0.931196 -0.931196 -0.931196
-0.989276 -0.989276 -0.989276 -0.989276 -0.989276 -0.989276 -0.989276 -0.989276 -0.989276 -0.989276 -0.989276 -0.989276 -0.989276 -0.989276 -0.989276 -0.989276
-1 -1 -1 -1 -1 -1 -1 -1 -1 -1 -1 -1 -1 -1 -1 -1
-0.989065 -0.989065 -0.989065 -0.989065 -0.989065 -0.989065 -0.989065 -0.989065 -0.989065 -0.989065 -0.989065 -0.989065 -0.989065 -0.989065 -0.989065 -0.989065
-0.931611 -0.931611 -0.931611 -0.931611 -0.931611 -0.931611 -0.931611 -0.931611 -0.931611 -0.931611 -0.931611 -0.931611 -0.931611 -0.931611 -0.931611 -0.931611
-0.760169 -0.760169 -0.760169 -0.760169 -0.760169 -0.760169 -0.760169 -0.760169 -0.760169 -0.760169 -0.760169 -0.760169 -0.760169 -0.760169 -0.760169 -0.760169

4.28
-0.396933 -0.396933 -0.396933 -0.396933 -0.396933 -0.396933 -0.396933 -0.396933 -0.396933 -0.396933 -0.396933 -0.396933 -0.396933 -0.396933 -0.396933 -0.396933
0.163152 0.163152 0.163152 0.163152 0.163152 0.163152 0.163152 0.163152 0.163152 0.163152 0.163152 0.163152 0.163152 0.163152 0.163152 0.163152
0.619066 0.619066 0.619066 0.619066 0.619066 0.619066 0.619066 0.619066 0.619066 0.619066 0.619066 0.619066 0.619066 0.619066 0.619066 0.619066
0.903434 0.903434 0.903434 0.903434 0.903434 0.903434 0.903434 0.903434 0.903434 0.903434 0.903434 0.903434 0.903434 0.903434 0.903434 0.903434
0.999998 0.999998 0.999998 0.999998 0.999998 0.999998 0.999998 0.999998 0.999998 0.999998 0.999998 0.999998 0.999998 0.999998 0.999998 0.999998
0.903299 0.903299 0.903299 0.903299 0.903299 0.903299 0.903299 0.903299 0.903299 0.903299 0.903299 0.903299 0.903299 0.903299 0.903299 0.903299
0.619478 0.619478 0.619478 0.619478 0.619478 0.619478 0.619478 0.619478 0.619478 0.619478 0.619478 0.619478 0.619478 0.619478 0.619478 0.619478
0.162257 0.162257 0.162257 0.162257 0.162257 0.162257 0.162257 0.162257 0.162257 0.162257 0.162257 0.162257 0.162257 0.162257 0.162257 0.162257
-0.395674 -0.395674 -0.395674 -0.395674 -0.395674 -0.395674 -0.395674 -0.395674 -0.395674 -0.395674 -0.395674 -0.395674 -0.395674 -0.395674 -0.395674 -0.395674
-0.789304 -0.789304 -0.789304 -0.789304 -0.789304 -0.789304 -0.789304 -0.789304 -0.789304 -0.789304 -0.789304 -0.789304 -0.789304 -0.789304 -0.789304 -0.789304
-0.944758 -0.944758 -0.944758 -0.944758 -0.944758 -0.944758 -0.944758 -0.944758 -0.944758 -0.944758 -0.944758 -0.944758 -0.944758 -0.944758 -0.944758 -0.944758
-0.993069 -0.993069 -0.993069 -0.993069 -0.993069 -0.993069 -0.993069 -0.993069 -0.993069 -0.993069 -0.993069 -0.993069 -0.993069 -0.993069 -0.993069 -0.993069
-1 -1 -1 -1 -1 -1 -1 -1 -1 -1 -1 -1 -1 -1 -1 -1
-0.992761 -0.992761 -0.992761 -0.992761 -0.992761 -0.992761 -0.992761 -0.992761 -0.992761 -0.992761 -0.992761 -0.992761 -0.992761 -0.992761 -0.992761 -0.992761
-0.945357 -0.945357 -0.945357 -0.945357 -0.945357 -0.945357 -0.945357 -0.945357 -0.945357 -0.945357 -0.945357 -0.945357 -0.945357 -0.945357 -0.945357 -0.945357
-0.788323 -0.788323 -0.788323 -0.788323 -0.788323 -0.788323 -0.788323 -0.788323 -0.788323 -0.788323 -0.788323 -0.788323 -0.788323 -0.788323 -0.788323 -0.788323

4.48
-0.425349 -0.425349 -0.425349 -0.425349 -0.425349 -0.425349 -0.425349 -0.425349 -0.425349 -0.425349 -0.425349 -0.425349 -0.425349 -0.425349 -0.425349 -0.425349
0.157186 0.157186 0.157186 0.157186 0.157186 0.157186 0.157186 0.157186 0.157186 0.157186 0.157186 0.157186 0.157186 0.157186 0.157186 0.157186
0.618385 0.618385 0.618385 0.618385 0.618385 0.618385 0.618385 0.618385 0.618385 0.618385 0.618385 0.618385 0.618385 0.618385 0.618385 0.618385
0.90342 0.90342 0.90342 0.90342 0.90342 0.90342 0.90342 0.90342 0.90342 0.90342 0.90342 0.90342 0.90342 0.90342 0.90342 0.90342
0.999996 0.999996 0.999996 0.999996 0.999996 0.999996 0.999996 0.999996 0.999996 0.999996 0.999996 0.999996 0.999996 0.999996 0.999996 0.999996
0.903255 0.903255 0.903255 0.903255 0.903255 0.903255 0.903255 0.903255 0.903255 0.903255 0.903255 0.903255 0.903255 0.903255 0.903255 0.903255
0.618929 0.618929 0.618929 0.618929 0.618929 0.618929 0.618929 0.618929 0.618929 0.618929 0.618929 0.618929 0.618929 0.618929 0.618929 0.618929
0.155915 0.155915 0.155915 0.155915 0.155915 0.155915 0.155915 0.155915 0.155915 0.155915 0.155915 0.155915 0.155915 0.155915 0.155915 0.155915
-0.42348 -0.42348 -0.42348 -0.42348 -0.42348 -0.42348 -0.42348 -0.42348 -0.42348 -0.42348 -0.42348 -0.42348 -0.42348 -0.42348 -0.42348 -0.42348
-0.819474 -0.819474 -0.819474 -0.819474 -0.819474 -0.819474 -0.819474 -0.819474 -0.819474 -0.819474 -0.819474 -0.819474 -0.819474 -0.819474 -0.819474 -0.819474
-0.958312 -0.958312 -0.958312 -0.958312 -0.958312 -0.958312 -0.958312 -0.958312 -0.958312 -0.958312 -0.958312 -0.958312 -0.958312 -0.958312 -0.958312 -0.958312
-0.99691 -0.99691 -0.99691 -0.99691 -0.99691 -0.99691 -0.99691 -0.99691 -0.99691 -0.99691 -0.99691 -0.99691 -0.99691 -0.99691 -0.99691 -0.99691
-1 -1 -1 -1 -1 -1 -1 -1 -1 -1 -1 -1 -1 -1 -1 -1
-0.996468 -0.996468 -0.996468 -0.996468 -0.996468 -0.996468 -0.996468 -0.996468 -0.996468 -0.996468 -0.996468 -0.996468 -0.996468 -0.996468 -0.996468 -0.996468
-0.959161 -0.959161 -0.959161 -0.959161 -0.959161 -0.959161 -0.959161 -0.959161 -0.959161 -0.959161 -0.959161 -0.959161 -0.959161 -0.959161 -0.959161 -0.959161
-0.818058 -0.818058 -0.818058 -0.818058 -0.818058 -0.818058 -0.818058 -0.818058 -0.818058 -0.818058 -0.818058 -0.818058 -0.818058 -0.818058 -0.818058 -0.818058

4.68
-0.456054 -0.456054 -0.456054 -0.456054 -0.456054 -0.456054 -0.456054 -0.456054 -0.456054 -0.456054 -0.456054 -0.456054 -0.456054 -0.456054 -0.456054 -0.456054
0.151991 0.151991 0.151991 0.151991 0.151991 0.151991 0.151991 0.151991 0.151991 0.151991 0.151991 0.151991 0.151991 0.151991 0.151991 0.151991
0.617894 0.617894 0.617894 0.617894 0.617894 0.617894 0.617894 0.617894 0.617894 0.617894 0.617894 0.617894 0.617894 0.617894 0.617894 0.617894
0.903418 0.903418 0.903418 0.903418 0.903418 0.903418 0.903418 0.903418 0.903418 0.903418 0.903418 0.903418 0.903418 0.903418 0.903418 0.903418
0.999992 0.999992 0.999992 0.999992 0.999992 0.999992 0.999992 0.999992 0.999992 0.999992 0.999992 0.999992 0.999992 0.999992 0.999992 0.999992
0.90323 0.90323 0.90323 0.90323 0.90323 0.90323 0.90323 0.90323 0.90323 0.90323 0.90323 0.90323 0.90323 0.90323 0.90323 0.90323
0.61859 0.61859 0.61859 0.61859 0.61859 0.61859 0.61859 0.61859 0.61859 0.61859 0.61859 0.61859 0.61859 0.61859 0.61859 0.61859
0.150227 0.150227 0.150227 0.150227 0.150227 0.150227 0.150227 0.150227 0.150227 0.150227 0.150227 0.150227 0.150227 0.150227 0.150227 0.150227
-0.45332 -0.45332 -0.45332 -0.45332 -0.45332 -0.45332 -0.45332 -0.45332 -0.45332 -0.45332 -0.45332 -0.45332 -0.45332 -0.45332 -0.45332 -0.45332
-0.851548 -0.851548 -0.851548 -0.851548 -0.851548 -0.851548 -0.851548 -0.851548 -0.851548 -0.851548 -0.851548 -0.851548 -0.851548 -0.851548 -0.851548 -0.851548
-0.971783 -0.971783 -0.971783 -0.971783 -0.971783 -0.971783 -0.971783 -0.971783 -0.971783 -0.971783 -0.971783 -0.971783 -0.971783 -0.971783 -0.971783 -0.971783
-1.00081 -1.00081 -1.00081 -1.00081 -1.00081 -1.00081 -1.00081 -1.00081 -1.00081 -1.00081 -1.00081 -1.00081 -1.00081 -1.00081 -1.00081 -1.00081
-1 -1 -1 -1 -1 -1 -1 -1 -1 -1 -1 -1 -1 -1 -1 -1
-1.00019 -1.00019 -1.00019 -1.00019 -1.00019 -1.00019 -1.00019 -1.00019 -1.00019 -1.00019 -1.00019 -1.00019 -1.00019 -1.00019 -1.00019 -1.00019
-0.972962 -0.972962 -0.972962 -0.972962 -0.972962 -0.972962 -0.972962 -0.972962 -0.972962 -0.972962 -0.972962 -0.972962 -0.972962 -0.972962 -0.972962 -0.972962
-0.84954 -0.84954 -0.84954 -0.84954 -0.84954 -0.84954 -0.84954 -0.84954 -0.84954 -0.84954 -0.84954 -0.84954 -0.84954 -0.84954 -0.84954 -0.84954

4.88
-0.489486 -0.489486 -0.489486 -0.489486 -0.489486 -0.489486 -0.489486 -0.489486 -0.489486 -0.489486 -0.489486 -0.489486 -0.489486 -0.489486 -0.489486 -0.489486
0.147651 0.147651 0.147651 0.147651 0.147651 0.147651 0.147651 0.147651 0.147651 0.147651 0.147651 0.147651 0.147651 0.147651 0.147651 0.147651
0.617562 0.617562 0.617562 0.617562 0.617562 0.617562 0.617562 0.617562 0.617562 0.617562 0.617562 0.617562 0.617562 0.617562 0.617562 0.617562
0.903414 0.903414 0.903414 0.903414 0.903414 0.903414 0.903414 0.903414 0.903414 0.903414 0.903414 0.903414 0.903414 0.903414 0.903414 0.903414
0.999984 0.999984 0.999984 0.999984 0.999984 0.999984 0.999984 0.999984 0.999984 0.999984 0.999984 0.999984 0.999984 0.999984 0.999984 0.999984
0.903217 0.903217 0.903217 0.903217 0.903217 0.903217 0.903217 0.903217 0.903217 0.903217 0.903217 0.903217 0.903217 0.903217 0.903217 0.903217
0.618417 0.618417 0.618417 0.618417 0.618417 0.618417 0.618417 0.618417 0.618417 0.618417 0.618417 0.618417 0.618417 0.618417 0.618417 0.618417
0.145259 0.145259 0.145259 0.145259 0.145259 0.145259 0.145259 0.145259 0.145259 0.145259 0.145259 0.145259 0.145259 0.145259 0.145259 0.145259
-0.485541 -0.485541 -0.485541 -0.485541 -0.485541 -0.485541 -0.485541 -0.485541 -0.485541 -0.485541 -0.485541 -0.485541 -0.485541 -0.485541 -0.485541 -0.485541
-0.885765 -0.885765 -0.885765 -0.885765 -0.885765 -0.885765 -0.885765 -0.885765 -0.885765 -0.885765 -0.885765 -0.885765 -0.885765 -0.885765 -0.885765 -0.885765
-0.985081 -0.985081 -0.985081 -0.985081 -0.985081 -0.985081 -0.985081 -0.985081 -0.985081 -0.985081 -0.985081 -0.985081 -0.985081 -0.985081 -0.985081 -0.985081
-1.00479 -1.00479 -1.00479 -1.00479 -1.00479 -1.00479 -1.00479 -1.00479 -1.00479 -1.00479 -1.00479 -1.00479 -1.00479 -1.00479 -1.00479 -1.00479
-1 -1 -1 -1 -1 -1 -1 -1 -1 -1 -1 -1 -1 -1 -1 -1
-1.00391 -1.00391 -1.00391 -1.00391 -1.00391 -1.00391 -1.00391 -1.00391 -1.00391 -1.00391 -1.00391 -1.00391 -1.00391 -1.00391 -1.00391 -1.00391
-0.986693 -0.986693 -0.986693 -0.986693 -0.986693 -0.986693 -0.986693 -0.986693 -0.986693 -0.986693 -0.986693 -0.986693 -0.986693 -0.986693 -0.986693 -0.986693
-0.882968 -0.882968 -0.882968 -0.882968 -0.882968 -0.882968 -0.882968 -0.882968 -0.882968 -0.882968 -0.882968 -0.882968 -0.882968 -0.882968 -0.882968 -0.882968

5.08
-0.52618 -0.52618 -0.52618 -0.52618 -0.52618 -0.52618 -0.52618 -0.52618 -0.52618 -0.52618 -0.52618 -0.52618 -0.52618 -0.52618 -0.52618 -0.52618
0.144236 0.144236 0.144236 0.144236 0.144236 0.144236 0.144236 0.144236 0.144236 0.144236 0.144236 0.144236 0.144236 0.144236 0.144236 0.144236
0.617356 0.617356 0.617356 0.617356 0.617356 0.617356 0.617356 0.617356 0.617356 0.617356 0.617356 0.617356 0.617356 0.617356 0.617356 0.617356
0.90339 0.90339 0.90339 0.90339 0.90339 0.90339 0.90339 0.90339 0.90339 0.90339 0.90339 0.90339 0.90339 0.90339 0.90339 0.90339
0.99997 0.99997 0.99997 0.99997 0.99997 0.99997 0.99997 0.99997 0.99997 0.99997 0.99997 0.99997 0.99997 0.99997 0.99997 0.99997
0.903211 0.903211 0.903211 0.903211 0.903211 0.903211 0.903211 0.903211 0.903211 0.903211 0.903211 0.903211 0.903211 0.903211 0.903211 0.903211
0.61836 0.61836 0.61836 0.61836 0.61836 0.61836 0.61836 0.61836 0.61836 0.61836 0.61836 0.61836 0.61836 0.61836 0.61836 0.61836
0.141077 0.141077 0.141077 0.141077 0.141077 0.141077 0.141077 0.141077 0.141077 0.141077 0.141077 0.141077 0.141077 0.141077 0.141077 0.141077
-0.520559 -0.520559 -0.520559 -0.520559 -0.520559 -0.520559 -0.520559 -0.520559 -0.520559 -0.520559 -0.520559 -0.520559 -0.520559 -0.520559 -0.520559 -0.520559
-0.922409 -0.922409 -0.922409 -0.922409 -0.922409 -0.922409 -0.922409 -0.922409 -0.922409 -0.922409 -0.922409 -0.922409 -0.922409 -0.922409 -0.922409 -0.922409
-0.998105 -0.998105 -0.998105 -0.998105 -0.998105 -0.998105 -0.998105 -0.998105 -0.998105 -0.998105 -0.998105 -0.998105 -0.998105 -0.998105 -0.998105 -0.998105
-1.00887 -1.00887 -1.00887 -1.00887 -1.00887 -1.00887 -1.00887 -1.00887 -1.00887 -1.00887 -1.00887 -1.00887 -1.00887 -1.00887 -1.00887 -1.00887
-1 -1 -1 -1 -1 -1 -1 -1 -1 -1 -1 -1 -1 -1 -1 -1
-1.00766 -1.00766 -1.00766 -1.00766 -1.00766 -1.00766 -1.00766 -1.00766 -1.00766 -1.00766 -1.00766 -1.00766 -1.00766 -1.00766 -1.00766 -1.00766
-1.00028 -1.00028 -1.00028 -1.00028 -1.00028 -1.00028 -1.00028 -1.00028 -1.00028 -1.00028 -1.00028 -1.00028 -1.00028 -1.00028 -1.00028 -1.00028
-0.918579 -0.918579 -0.918579 -0.918579 -0.918579 -0.918579 -0.918579 -0.918579 -0.918579 -0.918579 -0.918579 -0.918579 -0.918579 -0.918579 -0.918579 -0.918579

