4.62697e-19 2.14013e-14
0.4101 57.6531
4.9796 125.71
9.9872 84.0729
15.5101 214.488
20.2396 116.902
24.792 214.992
29.315 131.767
33.6798 205.539
38.0943 141.821
42.3897 196.834
46.7453 149.096
51.0079 189.861
55.3315 154.361
59.5769 184.454
63.8837 158.145
68.1194 180.313
72.4178 160.848
76.6472 177.156
80.9425 162.767
85.1667 174.753
89.4623 164.118
93.6815 172.921
97.98 165.059
102.193 171.52
106.497 165.704
110.703 170.442
115.014 166.138
119.211 169.608
123.531 166.419
127.718 168.958
132.05 166.592
136.223 168.446
140.57 166.687
144.725 168.038
149.093 166.729
153.226 167.711
157.618 166.732
161.723 167.443
166.146 166.711
170.216 167.223
174.679 166.672
183.218 166.621
187.187 166.882
