0 1.13014e-30 0 0
0.02 5.50207e-12 8.32036e-10 3.73322e-07
0.04 9.44151e-11 8.23501e-09 1.54647e-06
0.06 4.88867e-10 2.97682e-08 3.51897e-06
0.08 1.56195e-09 7.29672e-08 6.29003e-06
0.1 3.83695e-09 1.45324e-07 9.85856e-06
0.12 7.98636e-09 2.54273e-07 1.42231e-05
0.14 1.48305e-08 4.07174e-07 1.9382e-05
0.16 2.53357e-08 6.113e-07 2.5333e-05
0.18 4.06129e-08 8.7382e-07 3.20739e-05
0.2 6.19146e-08 1.20179e-06 3.9602e-05
0.22 9.06331e-08 1.60212e-06 4.79141e-05
0.24 1.28297e-07 2.0816e-06 5.70071e-05
0.26 1.7657e-07 2.64685e-06 6.68773e-05
0.28 2.37244e-07 3.30429e-06 7.75206e-05
0.3 3.12238e-07 4.0602e-06 8.8933e-05
0.32 4.03595e-07 4.92062e-06 0.00010111
0.34 5.13476e-07 5.89142e-06 0.000114046
0.36 6.44156e-07 6.9782e-06 0.000127737
0.38 7.98019e-07 8.18636e-06 0.000142176
0.4 9.77556e-07 9.52104e-06 0.000157359
0.42 1.18536e-06 1.09871e-05 0.000173278
0.44 1.4241e-06 1.25892e-05 0.000189929
0.46 1.69657e-06 1.43316e-05 0.000207303
0.48 2.00561e-06 1.62185e-05 0.000225394
0.5 2.35416e-06 1.82534e-05 0.000244196
0.52 2.74522e-06 2.044e-05 0.000263699
0.54 3.18186e-06 2.27812e-05 0.000283897
0.56 3.66722e-06 2.528e-05 0.000304782
0.58 4.20447e-06 2.79387e-05 0.000326344
0.6 4.79683e-06 3.07596e-05 0.000348576
0.62 5.44758e-06 3.37444e-05 0.000371468
0.64 6.16e-06 3.68945e-05 0.000395012
0.66 6.93742e-06 4.02111e-05 0.000419198
0.68 7.78318e-06 4.36949e-05 0.000444016
0.7 8.70063e-06 4.73463e-05 0.000469457
0.72 9.69312e-06 5.11653e-05 0.000495509
0.74 1.0764e-05 5.51515e-05 0.000522164
0.76 1.19166e-05 5.93043e-05 0.000549409
0.78 1.31542e-05 6.36225e-05 0.000577235
0.8 1.44802e-05 6.81047e-05 0.00060563
0.82 1.58978e-05 7.2749e-05 0.000634583
0.84 1.74101e-05 7.75534e-05 0.000664081
0.86 1.90205e-05 8.25151e-05 0.000694115
0.88 2.0732e-05 8.76314e-05 0.00072467
0.9 2.25476e-05 9.28989e-05 0.000755736
0.92 2.44703e-05 9.83139e-05 0.000787299
0.94 2.6503e-05 0.000103873 0.000819347
0.96 2.86486e-05 0.00010957 0.000851868
0.98 3.09098e-05 0.000115403 0.000884848
1 3.32892e-05 0.000121365 0.000918273
