[[-5.28112913e-01 -1.59635475e-01  1.96844868e-01  4.83163333e-01
6.49335249e-01  6.65029677e-01  5.27332069e-01  2.61520111e-01
-8.54915166e-02 -4.56223404e-01 -7.94042734e-01 -1.05170449e+00
-1.19600886e+00 -1.20944624e+00 -1.09042606e+00 -8.53273414e-01]
[-1.59613722e-01  2.08862670e-01  5.65340143e-01  8.51654285e-01
1.01782111e+00  1.03351054e+00  8.95808920e-01  6.29994592e-01
2.82982569e-01 -8.77477813e-02 -4.25563979e-01 -6.83221531e-01
-8.27521246e-01 -8.40954125e-01 -7.21930191e-01 -4.84775054e-01]
[ 1.96654985e-01  5.65128505e-01  9.21601793e-01  1.20791105e+00
1.37407311e+00  1.38975873e+00  1.25205491e+00  9.86240348e-01
6.39230015e-01  2.68502915e-01 -6.93090473e-02 -3.26962025e-01
-4.71257459e-01 -4.84686900e-01 -3.65660819e-01 -1.28505141e-01]
[ 4.82545503e-01  8.51014700e-01  1.20748311e+00  1.49378771e+00
1.65994613e+00  1.67562980e+00  1.53792606e+00  1.27211356e+00
9.25106846e-01  5.54384269e-01  2.16577012e-01 -4.10717525e-02
-1.85364010e-01 -1.98791704e-01 -7.97655321e-02  1.57388536e-01]
[ 6.48137270e-01  1.01660137e+00  1.37306501e+00  1.65936597e+00
1.82552256e+00  1.84120657e+00  1.70350529e+00  1.43769689e+00
1.09069518e+00  7.19977679e-01  3.82174810e-01  1.24529160e-01
-1.97616228e-02 -3.31896367e-02  8.58344660e-02  3.22984954e-01]
[ 6.63202074e-01  1.03166118e+00  1.38812100e+00  1.67442002e+00
1.84057694e+00  1.85626357e+00  1.71856673e+00  1.45276380e+00
1.10576765e+00  7.35054911e-01  3.97255336e-01  1.39611128e-01
-4.68018417e-03 -1.81105801e-02  1.00909602e-01  3.38055123e-01]
[ 5.24942318e-01  8.93397410e-01  1.24985503e+00  1.53615413e+00
1.70231350e+00  1.71800458e+00  1.58031340e+00  1.31451637e+00
9.67525352e-01  5.96816215e-01  2.59018259e-01  1.37356020e-03
-1.42920196e-01 -1.56354623e-01 -3.73395272e-02  1.99800507e-01]
[ 2.58735726e-01  6.27188448e-01  9.83645835e-01  1.26994699e+00
1.43611046e+00  1.45180701e+00  1.31412172e+00  1.04832998e+00
7.01342805e-01  3.30635518e-01 -7.16274222e-03 -2.64809741e-01
-4.09107398e-01 -4.22546775e-01 -3.03537033e-01 -6.64020506e-02]
[-8.84439873e-02  2.80008338e-01  6.36467415e-01  9.22772185e-01
1.08894066e+00  1.10464276e+00  9.66962612e-01  7.01174709e-01
3.54189482e-01 -1.65179503e-02 -3.54318313e-01 -6.11968969e-01
-7.56271278e-01 -7.69715668e-01 -6.50710646e-01 -4.13579458e-01]
[-4.59107062e-01 -9.06531994e-02  2.65809126e-01  5.52118418e-01
7.18291971e-01  7.33998826e-01  5.96322280e-01  3.30536224e-01
-1.64491479e-02 -3.87158595e-01 -7.24962433e-01 -9.82617453e-01
-1.12692439e+00 -1.14037306e+00 -1.02137141e+00 -7.84242230e-01]
[-7.96650802e-01 -4.28193808e-01 -7.17272477e-02  2.14586749e-01
3.80764688e-01  3.96474836e-01  2.58799907e-01 -6.98645413e-03
-3.53973929e-01 -7.24686852e-01 -1.06249494e+00 -1.32015434e+00
-1.46446519e+00 -1.47791681e+00 -1.35891676e+00 -1.12178760e+00]
[-1.05388473e+00 -6.85423531e-01 -3.28952397e-01 -4.26341870e-02
1.23546867e-01  1.39258455e-01  1.58303452e-03 -2.64205627e-01
-6.11196761e-01 -9.81914050e-01 -1.31972652e+00 -1.57738969e+00
-1.72170322e+00 -1.73515612e+00 -1.61615578e+00 -1.37902475e+00]
[-1.19767315e+00 -8.29207292e-01 -4.72731875e-01 -1.86410487e-01
-2.02279586e-02 -4.51689911e-03 -1.42194764e-01 -4.07987328e-01
-7.54983116e-01 -1.12570503e+00 -1.46352141e+00 -1.72118727e+00
-1.86550196e+00 -1.87895435e+00 -1.75995194e+00 -1.52281750e+00]
[-1.21057157e+00 -8.42101214e-01 -4.85622358e-01 -1.99299222e-01
-3.31170120e-02 -1.74083338e-02 -1.55090230e-01 -4.20887746e-01
-7.67888548e-01 -1.13861475e+00 -1.47643408e+00 -1.73410121e+00
-1.87841540e+00 -1.89186563e+00 -1.77285968e+00 -1.53572076e+00]
[-1.09105320e+00 -7.22579092e-01 -3.66098087e-01 -7.97748573e-02
8.64052856e-02  1.02110044e-01 -3.55769385e-02 -3.01379809e-01
-6.48385334e-01 -1.01911491e+00 -1.35693585e+00 -1.61460269e+00
-1.75891480e+00 -1.77236149e+00 -1.65335099e+00 -1.41620711e+00]
[-8.53505702e-01 -4.85029096e-01 -1.28547548e-01  1.57774073e-01
3.23950639e-01  3.39650431e-01  2.01957962e-01 -6.38499613e-02
-4.10859282e-01 -7.81590866e-01 -1.11941182e+00 -1.37707680e+00
-1.52138551e+00 -1.53482772e+00 -1.41581226e+00 -1.17866357e+00]]