[[-3.05154924 -2.68307181 -2.32659146 -2.040273   -1.87410108 -1.85840665
  -1.99610426 -2.26191622 -2.60892785 -2.97965974 -3.31747907 -3.57514082
  -3.71944519 -3.73288257 -3.61386239 -3.37670975]
 [-2.68305005 -2.31457366 -1.95809619 -1.67178205 -1.50561522 -1.48992579
  -1.62762741 -1.89344174 -2.24045376 -2.61118411 -2.94900031 -3.20665786
  -3.35095758 -3.36439046 -3.24536652 -3.00821139]
 [-2.32678135 -1.95830783 -1.60183454 -1.31552528 -1.14936322 -1.1336776
  -1.27138142 -1.53719598 -1.88420632 -2.25493342 -2.59274538 -2.85039836
  -2.99469379 -3.00812323 -2.88909715 -2.65194147]
 [-2.04089083 -1.67242163 -1.31595323 -1.02964863 -0.86349021 -0.84780653
  -0.98551027 -1.25132277 -1.59832949 -1.96905206 -2.30685932 -2.56450808
  -2.70880034 -2.72222804 -2.60320186 -2.3660478 ]
 [-1.87529906 -1.50683496 -1.15037132 -0.86407036 -0.69791377 -0.68222976
  -0.81993105 -1.08573945 -1.43274115 -1.80345865 -2.14126152 -2.39890717
  -2.54319795 -2.55662597 -2.43760187 -2.20045138]
 [-1.86023426 -1.49177515 -1.13531533 -0.84901631 -0.68285939 -0.66717276
  -0.8048696  -1.07067253 -1.41766868 -1.78838142 -2.126181   -2.3838252
  -2.52811652 -2.54154691 -2.42252673 -2.18538121]
 [-1.99849401 -1.63003892 -1.2735813  -0.9872822  -0.82112283 -0.80543176
  -0.94312293 -1.20891996 -1.55591098 -1.92662012 -2.26441807 -2.52206277
  -2.66635653 -2.67979095 -2.56077586 -2.32363583]
 [-2.26470061 -1.89624788 -1.5397905  -1.25348934 -1.08732587 -1.07162933
  -1.20931461 -1.47510635 -1.82209353 -2.19280081 -2.53059907 -2.78824607
  -2.93254373 -2.94598311 -2.82697337 -2.58983838]
 [-2.61188032 -2.24342799 -1.88696892 -1.60066415 -1.43449567 -1.41879357
  -1.55647372 -1.82226162 -2.16924685 -2.53995428 -2.87775464 -3.1354053
  -3.27970761 -3.293152   -3.17414698 -2.93701579]
 [-2.98254339 -2.61408953 -2.25762721 -1.97131791 -1.80514436 -1.78943751
  -1.92711405 -2.19290011 -2.53988548 -2.91059493 -3.24839876 -3.50605379
  -3.65036072 -3.66380939 -3.54480774 -3.30767856]
 [-3.32008713 -2.95163014 -2.59516358 -2.30884958 -2.14267164 -2.1269615
  -2.26463643 -2.53042279 -2.87741026 -3.24812318 -3.58593127 -3.84359067
  -3.98790152 -4.00135314 -3.88235309 -3.64522393]
 [-3.57732106 -3.20885986 -2.85238873 -2.56607052 -2.39988947 -2.38417788
  -2.5218533  -2.78764196 -3.13463309 -3.50535038 -3.84316285 -4.10082602
  -4.24513956 -4.25859245 -4.13959211 -3.90246109]
 [-3.72110948 -3.35264362 -2.99616821 -2.70984682 -2.54366429 -2.52795323
  -2.6656311  -2.93142366 -3.27841945 -3.64914137 -3.98695775 -4.24462361
  -4.38893829 -4.40239068 -4.28338827 -4.04625384]
 [-3.7340079  -3.36553755 -3.00905869 -2.72273555 -2.55655334 -2.54084467
  -2.67852656 -2.94432408 -3.29132488 -3.66205108 -3.99987041 -4.25753754
  -4.40185173 -4.41530197 -4.29629601 -4.0591571 ]
 [-3.61448954 -3.24601542 -2.88953442 -2.60321119 -2.43703105 -2.42132629
  -2.55901327 -2.82481614 -3.17182167 -3.54255124 -3.88037218 -4.13803902
  -4.28235113 -4.29579782 -4.17678732 -3.93964344]
 [-3.37694203 -3.00846543 -2.65198388 -2.36566226 -2.19948569 -2.1837859
  -2.32147837 -2.58728629 -2.93429561 -3.3050272  -3.64284816 -3.90051314
  -4.04482184 -4.05826405 -3.93924859 -3.70209991]]
