5.7514 5.7172 5.61528 5.44746 5.21674 4.92717 4.58373 4.19216 3.75878 3.29035 2.79383 2.27626 1.74458 1.20548 0.665314 0.129983 -0.395113 -0.905121 -1.39576 -1.86329 -2.30456 -2.7169 -3.09813 -3.44649 -3.7606 -4.03941 -4.28212 -4.48815 -4.65712 -4.78874 -4.88286 -4.93936 -4.95819 -4.93934 -4.88282 -4.78868 -4.65704 -4.48805 -4.28199 -4.03927 -3.76044 -3.44631 -3.09793 -2.71668 -2.30433 -1.86304 -1.39549 -0.904847 -0.394829 0.130274 0.66561 1.20578 1.74487 2.27655 2.79411 3.29061 3.75903 4.19238 4.58393 4.92735 5.21688 5.44757 5.61535 5.71724
5.7172 5.68332 5.58231 5.41599 5.1873 4.90022 4.55965 4.17124 3.74124 3.2763 2.7833 2.2692 1.74087 1.20495 0.667733 0.135103 -0.387566 -0.895429 -1.3842 -1.85015 -2.29009 -2.70134 -3.08169 -3.42936 -3.74294 -4.02135 -4.26377 -4.46961 -4.63844 -4.76998 -4.86404 -4.92051 -4.93934 -4.92049 -4.864 -4.76992 -4.63836 -4.4695 -4.26365 -4.02121 -3.74278 -3.42918 -3.08149 -2.70112 -2.28986 -1.8499 -1.38394 -0.895155 -0.387282 0.135394 0.668028 1.20524 1.74116 2.26949 2.78358 3.27656 3.74149 4.17147 4.55985 4.90039 5.18744 5.4161 5.58239 5.68336
5.61528 5.58231 5.48403 5.32215 5.09947 4.81978 4.48773 4.10874 3.68876 3.23419 2.75167 2.24791 1.72957 1.20312 0.674735 0.150185 -0.365213 -0.866646 -1.34983 -1.811 -2.24693 -2.65488 -3.03257 -3.37814 -3.6901 -3.9673 -4.20884 -4.41406 -4.58247 -4.71373 -4.80763 -4.86402 -4.88282 -4.864 -4.80759 -4.71367 -4.58238 -4.41395 -4.20872 -3.96716 -3.68994 -3.37796 -3.03237 -2.65466 -2.2467 -1.81075 -1.34957 -0.866374 -0.364932 0.150472 0.675026 1.20341 1.72986 2.24819 2.75194 3.23445 3.689 4.10896 4.48793 4.81995 5.09961 5.32226 5.4841 5.58235
5.44746 5.41599 5.32215 5.16751 4.95463 4.68698 4.36886 4.00525 3.60169 3.16413 2.6988 2.21203 1.71016 1.19936 0.685573 0.174419 -0.328895 -0.81961 -1.29344 -1.7466 -2.17578 -2.57816 -2.95133 -3.29331 -3.6025 -3.8776 -4.11759 -4.3217 -4.48935 -4.62012 -4.71371 -4.76994 -4.78868 -4.76992 -4.71367 -4.62006 -4.48927 -4.3216 -4.11747 -3.87745 -3.60234 -3.29313 -2.95113 -2.57794 -2.17555 -1.74636 -1.29319 -0.819343 -0.32862 0.1747 0.685857 1.19964 1.71044 2.21231 2.69906 3.16438 3.60192 4.00546 4.36905 4.68715 4.95477 5.16762 5.32222 5.41602
5.21674 5.1873 5.09947 4.95463 4.75503 4.50372 4.2045 3.86181 3.48062 3.06629 2.6245 2.16105 1.68182 1.19261 0.699039 0.206492 -0.279977 -0.755692 -1.21639 -1.65823 -2.07783 -2.47223 -2.8389 -3.17569 -3.4808 -3.75278 -3.99045 -4.19288 -4.35936 -4.48933 -4.58243 -4.63838 -4.65704 -4.63836 -4.58238 -4.48927 -4.35927 -4.19278 -3.99033 -3.75264 -3.48064 -3.17551 -2.83871 -2.47202 -2.0776 -1.65799 -1.21614 -0.755432 -0.27971 0.206764 0.699313 1.19288 1.68209 2.16131 2.62475 3.06653 3.48084 3.86201 4.20468 4.50387 4.75515 4.95473 5.09954 5.18733
4.92717 4.90022 4.81977 4.68698 4.50372 4.27254 3.99667 3.67987 3.32642 2.94099 2.52855 2.09429 1.6435 1.18151 0.713528 0.244643 -0.220304 -0.676753 -1.12048 -1.54761 -1.95468 -2.33858 -2.69659 -3.02639 -3.32597 -3.59366 -3.82808 -4.02811 -4.19286 -4.32166 -4.41399 -4.46952 -4.48805 -4.4695 -4.41395 -4.3216 -4.19278 -4.02801 -3.82796 -3.59352 -3.32582 -3.02622 -2.6964 -2.33837 -1.95446 -1.54738 -1.12024 -0.676503 -0.220047 0.244903 0.71379 1.18177 1.64376 2.09453 2.52878 2.94121 3.32663 3.68006 3.99683 4.27268 4.50383 4.68707 4.81983 4.90025
4.58373 4.55965 4.48773 4.36886 4.2045 3.99667 3.74791 3.46127 3.14024 2.78867 2.41077 2.011 1.59397 1.16442 0.72711 0.286732 -0.152133 -0.58509 -1.00798 -1.41693 -1.80836 -2.17904 -2.52607 -2.84688 -3.13925 -3.40127 -3.63132 -3.82806 -3.99041 -4.11753 -4.20876 -4.26367 -4.28199 -4.26365 -4.20872 -4.11747 -3.99033 -3.82796 -3.6312 -3.40113 -3.1391 -2.84671 -2.52588 -2.17884 -1.80815 -1.4167 -1.00775 -0.584851 -0.151889 0.286978 0.727356 1.16467 1.59421 2.01123 2.41099 2.78888 3.14043 3.46145 3.74806 3.99679 4.2046 4.36894 4.48778 4.55967
4.19215 4.17124 4.10873 4.00524 3.86181 3.67987 3.46127 3.20828 2.92353 2.61003 2.27112 1.91046 1.53192 1.13957 0.737627 0.330334 -0.078054 -0.483361 -0.881539 -1.26873 -1.64129 -1.99585 -2.32932 -2.63893 -2.92218 -3.17691 -3.40125 -3.59362 -3.75272 -3.87751 -3.9672 -4.02123 -4.03927 -4.02121 -3.96716 -3.87745 -3.75264 -3.59352 -3.40113 -3.17677 -2.92203 -2.63876 -2.32914 -1.99566 -1.64109 -1.26851 -0.881319 -0.483135 -0.0778257 0.330564 0.737854 1.1398 1.53213 1.91067 2.27132 2.61021 2.92369 3.20843 3.46141 3.67998 3.8619 4.00531 4.10878 4.17126
3.75878 3.74124 3.68876 3.60168 3.48062 3.32642 3.14023 2.92352 2.67807 2.40598 2.10971 1.79204 1.45606 1.10512 0.742798 0.372841 -0.000893194 -0.374503 -0.744107 -1.1059 -1.45622 -1.79157 -2.10871 -2.40462 -2.67658 -2.92216 -3.13921 -3.32591 -3.48072 -3.6024 -3.68998 -3.7428 -3.76044 -3.74278 -3.68994 -3.60234 -3.48064 -3.32582 -3.1391 -2.92203 -2.67644 -2.40446 -2.10854 -1.79139 -1.45603 -1.1057 -0.743901 -0.374294 -0.00068254 0.373051 0.743005 1.10532 1.45626 1.79223 2.10988 2.40614 2.67821 2.92366 3.14035 3.32651 3.48069 3.60174 3.68879 3.74126
3.29034 3.27629 3.23419 3.16413 3.06629 2.94098 2.78867 2.61002 2.40598 2.17775 1.9269 1.65531 1.36525 1.05929 0.740334 0.41157 0.0763916 -0.261639 -0.598865 -0.931597 -1.25619 -1.56908 -1.86687 -2.14637 -2.4046 -2.63888 -2.84682 -3.02631 -3.17558 -3.29319 -3.37799 -3.4292 -3.44631 -3.42918 -3.37796 -3.29313 -3.17551 -3.02622 -2.84671 -2.63876 -2.40446 -2.14621 -1.86671 -1.56891 -1.25601 -0.931412 -0.598675 -0.261448 0.0765825 0.411758 0.740519 1.05946 1.36542 1.65547 1.92705 2.17789 2.4061 2.61013 2.78876 2.94106 3.06635 3.16417 3.23422 3.27631
2.79382 2.78329 2.75166 2.69879 2.62449 2.52854 2.41077 2.27112 2.10971 1.9269 1.72335 1.5001 1.25854 1.00046 0.728058 0.443885 0.150824 -0.14797 -0.44913 -0.74915 -1.04446 -1.33148 -1.60673 -1.86685 -2.10867 -2.32926 -2.52598 -2.69649 -2.83878 -2.95118 -3.0324 -3.08151 -3.09793 -3.08149 -3.03237 -2.95113 -2.83871 -2.6964 -2.52588 -2.32914 -2.10854 -1.86671 -1.60658 -1.33132 -1.04429 -0.748981 -0.448959 -0.147799 0.150993 0.44405 0.728217 1.00061 1.25868 1.50023 1.72348 1.92701 2.10981 2.27121 2.41084 2.5286 2.62454 2.69883 2.75169 2.7833
2.27625 2.26919 2.2479 2.21203 2.16104 2.09428 2.01099 1.91045 1.79204 1.65531 1.5001 1.32658 1.13531 0.927309 0.704011 0.467312 0.219524 -0.0366665 -0.298255 -0.561989 -0.824447 -1.08211 -1.33146 -1.56904 -1.79151 -1.99577 -2.17894 -2.33845 -2.47209 -2.57799 -2.65469 -2.70114 -2.71668 -2.70112 -2.65466 -2.57794 -2.47202 -2.33837 -2.17884 -1.99566 -1.79139 -1.56891 -1.33132 -1.08197 -0.824298 -0.561839 -0.298104 -0.0365178 0.219669 0.467452 0.704144 0.927435 1.13543 1.32669 1.5002 1.6554 1.79211 1.91052 2.01105 2.09432 2.16108 2.21205 2.24791 2.2692
1.74457 1.74086 1.72956 1.71015 1.68182 1.6435 1.59396 1.53191 1.45606 1.36524 1.25853 1.13531 0.995351 0.838865 0.666563 0.479649 0.279821 0.0692385 -0.149526 -0.373552 -0.599645 -0.824426 -1.04442 -1.25612 -1.45614 -1.64119 -1.80824 -1.95453 -2.07767 -2.1756 -2.24673 -2.28987 -2.30433 -2.28986 -2.2467 -2.17555 -2.0776 -1.95446 -1.80815 -1.64109 -1.45603 -1.25601 -1.04429 -0.824298 -0.599515 -0.373422 -0.149398 0.0693634 0.279941 0.479763 0.666669 0.838963 0.995439 1.13539 1.2586 1.3653 1.45611 1.53195 1.594 1.64352 1.68184 1.71016 1.72957 1.74087
1.20547 1.20494 1.20311 1.19935 1.1926 1.1815 1.16442 1.13957 1.10511 1.05928 1.00046 0.927307 0.838864 0.734605 0.614504 0.479073 0.329364 0.166962 -0.00605808 -0.187182 -0.373531 -0.561948 -0.749088 -0.931515 -1.1058 -1.2686 -1.41678 -1.54745 -1.65805 -1.7464 -1.81078 -1.84992 -1.86304 -1.8499 -1.81075 -1.74636 -1.65799 -1.54738 -1.4167 -1.26851 -1.1057 -0.931412 -0.748981 -0.561839 -0.373422 -0.187074 -0.00595378 0.167061 0.329457 0.479158 0.614582 0.734673 0.838924 0.927358 1.0005 1.05932 1.10514 1.13959 1.16443 1.18151 1.19261 1.19935 1.20311 1.20494
0.665304 0.667723 0.674725 0.685563 0.69903 0.71352 0.727102 0.73762 0.742791 0.740329 0.728053 0.704007 0.666561 0.614503 0.547114 0.464219 0.366213 0.254067 0.129306 -0.00603741 -0.149485 -0.298193 -0.449047 -0.598762 -0.743984 -0.881396 -1.00782 -1.1203 -1.21619 -1.29322 -1.34959 -1.38395 -1.39549 -1.38394 -1.34957 -1.29319 -1.21614 -1.12024 -1.00775 -0.881319 -0.743901 -0.598675 -0.448959 -0.298104 -0.149398 -0.00595378 0.129385 0.25414 0.366278 0.464276 0.547163 0.614543 0.666592 0.704031 0.72807 0.740339 0.742796 0.73762 0.7271 0.713516 0.699025 0.685558 0.674722 0.667721
0.129972 0.135092 0.150175 0.174409 0.206483 0.244634 0.286723 0.330326 0.372834 0.411564 0.44388 0.467307 0.479646 0.47907 0.464218 0.434254 0.388922 0.328558 0.254088 0.167003 0.0693005 -0.0365841 -0.147867 -0.261516 -0.37436 -0.483198 -0.584908 -0.676553 -0.755474 -0.819375 -0.866396 -0.895166 -0.904847 -0.895155 -0.866374 -0.819343 -0.755432 -0.676503 -0.584851 -0.483135 -0.374294 -0.261448 -0.147799 -0.0365178 0.0693634 0.167061 0.25414 0.328602 0.388959 0.434283 0.464237 0.479082 0.47965 0.467304 0.443871 0.41155 0.372817 0.330308 0.286704 0.244615 0.206466 0.174396 0.150165 0.135087
-0.395124 -0.387577 -0.365224 -0.328906 -0.279987 -0.220314 -0.152142 -0.0780626 -0.000901131 0.0763845 0.150818 0.219518 0.279817 0.329361 0.366211 0.388921 0.396599 0.388943 0.366254 0.329426 0.279904 0.219627 0.150947 0.0765348 -0.000730476 -0.0778722 -0.151933 -0.220086 -0.279743 -0.328646 -0.36495 -0.387291 -0.394829 -0.387282 -0.364932 -0.32862 -0.27971 -0.220047 -0.151889 -0.0778257 -0.00068254 0.0765825 0.150993 0.219669 0.279941 0.329457 0.366278 0.388959 0.396607 0.38892 0.366202 0.329344 0.279794 0.219489 0.150784 0.0763484 -0.000938456 -0.0780997 -0.152177 -0.220346 -0.280015 -0.328927 -0.365239 -0.387584
-0.905133 -0.89544 -0.866657 -0.81962 -0.755702 -0.676763 -0.5851 -0.48337 -0.374512 -0.261647 -0.147977 -0.0366728 0.0692332 0.166957 0.254064 0.328555 0.388942 0.434296 0.464281 0.479155 0.479752 0.467435 0.444028 0.411733 0.373023 0.330535 0.28695 0.244877 0.206742 0.174682 0.15046 0.135387 0.130274 0.135394 0.150472 0.1747 0.206764 0.244903 0.286978 0.330564 0.373051 0.411758 0.44405 0.467452 0.479763 0.479158 0.464276 0.434283 0.38892 0.328526 0.254027 0.166914 0.069184 -0.0367261 -0.148033 -0.261704 -0.374568 -0.483423 -0.585149 -0.676807 -0.755739 -0.819649 -0.866676 -0.89545
-1.39577 -1.38421 -1.34984 -1.29345 -1.2164 -1.12049 -1.00799 -0.881549 -0.744116 -0.598873 -0.449138 -0.298262 -0.149532 -0.00606337 0.129302 0.254085 0.366252 0.46428 0.547197 0.614607 0.666686 0.704154 0.72822 0.740516 0.742998 0.737845 0.727345 0.713778 0.699302 0.685847 0.67502 0.668025 0.66561 0.668028 0.675026 0.685857 0.699313 0.71379 0.727356 0.737854 0.743005 0.740519 0.728217 0.704144 0.666669 0.614582 0.547163 0.464237 0.366202 0.254027 0.129237 -0.00613318 -0.149606 -0.298338 -0.449215 -0.598949 -0.744189 -0.881617 -1.00805 -1.12054 -1.21644 -1.29349 -1.34986 -1.38422
-1.86331 -1.85016 -1.81101 -1.74661 -1.65824 -1.54762 -1.41694 -1.26874 -1.10591 -0.931606 -0.749158 -0.561997 -0.373559 -0.187188 -0.0060427 0.166999 0.329423 0.479153 0.614606 0.734728 0.839008 0.927472 1.00064 1.05949 1.10534 1.13981 1.16467 1.18177 1.19288 1.19964 1.20341 1.20524 1.20578 1.20524 1.20341 1.19964 1.19288 1.18177 1.16467 1.1398 1.10532 1.05946 1.00061 0.927435 0.838963 0.734673 0.614543 0.479082 0.329344 0.166914 -0.00613318 -0.187282 -0.373655 -0.562095 -0.749255 -0.9317 -1.106 -1.26882 -1.41701 -1.54769 -1.65829 -1.74665 -1.81104 -1.85018
-2.30457 -2.2901 -2.24694 -2.17579 -2.07784 -1.95469 -1.80837 -1.6413 -1.45623 -1.2562 -1.04447 -0.824455 -0.599653 -0.373538 -0.149491 0.0692951 0.279899 0.479749 0.666684 0.839007 0.995513 1.1355 1.25874 1.36546 1.4563 1.53217 1.59423 1.64378 1.68211 1.71045 1.72986 1.74117 1.74487 1.74116 1.72986 1.71044 1.68209 1.64376 1.59421 1.53213 1.45626 1.36542 1.25868 1.13543 0.995439 0.838924 0.666592 0.47965 0.279794 0.069184 -0.149606 -0.373655 -0.599771 -0.824572 -1.04458 -1.2563 -1.45633 -1.64139 -1.80845 -1.95476 -2.0779 -2.17584 -2.24697 -2.29012
-2.71691 -2.70135 -2.65489 -2.57817 -2.47224 -2.33859 -2.17905 -1.99586 -1.79158 -1.56909 -1.33149 -1.08212 -0.824434 -0.561956 -0.2982 -0.0365903 0.219621 0.46743 0.70415 0.92747 1.1355 1.32678 1.50032 1.65555 1.79229 1.91072 2.01127 2.09457 2.16134 2.21233 2.2482 2.26949 2.27655 2.26949 2.24819 2.21231 2.16131 2.09453 2.01123 1.91067 1.79223 1.65547 1.50023 1.32669 1.13539 0.927358 0.704031 0.467304 0.219489 -0.0367261 -0.298338 -0.562095 -0.824572 -1.08226 -1.33162 -1.56921 -1.7917 -1.99596 -2.17914 -2.33866 -2.47231 -2.57822 -2.65492 -2.70137
-3.09814 -3.0817 -3.03258 -2.95134 -2.83891 -2.69661 -2.52608 -2.32933 -2.10872 -1.86688 -1.60674 -1.33147 -1.04442 -0.749096 -0.449055 -0.147874 0.150941 0.444023 0.728216 1.00064 1.25873 1.50032 1.72359 1.92715 2.10997 2.2714 2.41106 2.52884 2.62479 2.6991 2.75196 2.78359 2.79411 2.78358 2.75194 2.69906 2.62475 2.52878 2.41099 2.27132 2.10988 1.92705 1.72348 1.5002 1.2586 1.0005 0.72807 0.443871 0.150784 -0.148033 -0.449215 -0.749255 -1.04458 -1.33162 -1.60689 -1.86701 -2.10884 -2.32945 -2.52617 -2.69669 -2.83898 -2.95139 -3.03261 -3.08172
-3.4465 -3.42937 -3.37815 -3.29332 -3.1757 -3.0264 -2.84689 -2.63894 -2.40463 -2.14638 -1.86686 -1.56905 -1.25613 -0.931524 -0.59877 -0.261524 0.0765276 0.411726 0.740511 1.05948 1.36546 1.65554 1.92715 2.17801 2.40625 2.61031 2.78896 2.94128 3.06659 3.16443 3.23448 3.27658 3.29061 3.27656 3.23445 3.16438 3.06653 2.94121 2.78888 2.61021 2.40614 2.17789 1.92701 1.6554 1.3653 1.05932 0.740339 0.41155 0.0763484 -0.261704 -0.598949 -0.9317 -1.2563 -1.56921 -1.86701 -2.14652 -2.40476 -2.63905 -2.84699 -3.02649 -3.17577 -3.29338 -3.37818 -3.42939
-3.76061 -3.74295 -3.69011 -3.60251 -3.48081 -3.32598 -3.13926 -2.92219 -2.67659 -2.40461 -2.10868 -1.79152 -1.45614 -1.10581 -0.743993 -0.374369 -0.000738413 0.373016 0.742992 1.10533 1.45629 1.79229 2.10997 2.40625 2.67835 2.92382 3.14053 3.32672 3.48091 3.60198 3.68904 3.74151 3.75903 3.74149 3.689 3.60192 3.48084 3.32663 3.14043 2.92369 2.67821 2.4061 2.10981 1.79211 1.45611 1.10514 0.742796 0.372817 -0.000938456 -0.374568 -0.744189 -1.106 -1.45633 -1.7917 -2.10884 -2.40476 -2.67673 -2.92231 -3.13937 -3.32607 -3.48089 -3.60257 -3.69015 -3.74297
-4.03942 -4.02136 -3.96731 -3.87761 -3.75279 -3.59367 -3.40128 -3.17692 -2.92217 -2.63889 -2.32927 -1.99578 -1.6412 -1.26861 -0.881406 -0.483207 -0.0778808 0.330527 0.737837 1.1398 1.53216 1.91072 2.27139 2.61031 2.92382 3.20857 3.46157 3.68016 3.8621 4.00553 4.109 4.17149 4.19238 4.17147 4.10896 4.00546 3.86201 3.68006 3.46145 3.20843 2.92366 2.61013 2.27121 1.91052 1.53195 1.13959 0.73762 0.330308 -0.0780997 -0.483423 -0.881617 -1.26882 -1.64139 -1.99596 -2.32945 -2.63905 -2.92231 -3.17705 -3.40139 -3.59377 -3.75287 -3.87766 -3.96735 -4.02138
-4.28213 -4.26378 -4.20885 -4.1176 -3.99046 -3.82809 -3.63133 -3.40126 -3.13922 -2.84683 -2.52599 -2.17895 -1.80825 -1.41679 -1.00783 -0.584918 -0.151942 0.286941 0.727337 1.16467 1.59423 2.01127 2.41105 2.78896 3.14053 3.46157 3.74821 3.99696 4.20478 4.36913 4.48798 4.55988 4.58393 4.55985 4.48793 4.36905 4.20468 3.99683 3.74806 3.46141 3.14035 2.78876 2.41084 2.01105 1.594 1.16443 0.7271 0.286704 -0.152177 -0.585149 -1.00805 -1.41701 -1.80845 -2.17914 -2.52617 -2.84699 -3.13937 -3.40139 -3.63144 -3.82819 -3.99054 -4.11766 -4.20889 -4.2638
-4.48816 -4.46962 -4.41407 -4.32171 -4.19289 -4.02812 -3.82807 -3.59363 -3.32592 -3.02632 -2.6965 -2.33846 -1.95455 -1.54746 -1.12031 -0.676563 -0.220096 0.244868 0.713769 1.18176 1.64377 2.09456 2.52883 2.94128 3.32671 3.68016 3.99695 4.27282 4.50398 4.68723 4.82 4.90042 4.92735 4.90039 4.81995 4.68715 4.50387 4.27268 3.99679 3.67998 3.32651 2.94106 2.5286 2.09432 1.64352 1.18151 0.713516 0.244615 -0.220346 -0.676807 -1.12054 -1.54769 -1.95476 -2.33866 -2.69669 -3.02649 -3.32607 -3.59377 -3.82819 -4.02822 -4.19297 -4.32177 -4.41411 -4.46964
-4.65713 -4.63845 -4.58248 -4.48936 -4.35937 -4.19287 -3.99042 -3.75273 -3.48073 -3.17559 -2.83879 -2.4721 -2.07768 -1.65806 -1.2162 -0.755484 -0.279753 0.206732 0.699293 1.19287 1.6821 2.16134 2.62479 3.06659 3.48091 3.8621 4.20478 4.50398 4.75527 4.95486 5.09967 5.18747 5.21688 5.18744 5.09961 4.95477 4.75515 4.50383 4.2046 3.8619 3.48069 3.06635 2.62454 2.16108 1.68184 1.19261 0.699025 0.206466 -0.280015 -0.755739 -1.21644 -1.65829 -2.0779 -2.47231 -2.83898 -3.17577 -3.48089 -3.75287 -3.99054 -4.19297 -4.35945 -4.48942 -4.58252 -4.63847
-4.78875 -4.76999 -4.71374 -4.62013 -4.48934 -4.32167 -4.11754 -3.87752 -3.60241 -3.2932 -2.95119 -2.578 -2.17561 -1.74641 -1.29324 -0.819386 -0.328656 0.174672 0.685838 1.19963 1.71044 2.21232 2.69909 3.16442 3.60197 4.00552 4.36912 4.68723 4.95486 5.16772 5.32233 5.41613 5.44757 5.4161 5.32226 5.16762 4.95473 4.68707 4.36894 4.00531 3.60174 3.16417 2.69883 2.21205 1.71016 1.19935 0.685558 0.174396 -0.328927 -0.819649 -1.29349 -1.74665 -2.17584 -2.57822 -2.95139 -3.29338 -3.60257 -3.87766 -4.11766 -4.32177 -4.48942 -4.62019 -4.71378 -4.77001
-4.88287 -4.86405 -4.80764 -4.71372 -4.58243 -4.414 -4.20877 -3.96721 -3.68999 -3.378 -3.03241 -2.65471 -2.24674 -1.81079 -1.3496 -0.866407 -0.364961 0.150449 0.67501 1.2034 1.72985 2.24819 2.75196 3.23448 3.68903 4.109 4.48798 4.82 5.09967 5.32233 5.48418 5.58242 5.61535 5.58239 5.4841 5.32222 5.09954 4.81983 4.48778 4.10878 3.68879 3.23422 2.75169 2.24791 1.72957 1.20311 0.674722 0.150165 -0.365239 -0.866676 -1.34986 -1.81104 -2.24697 -2.65492 -3.03261 -3.37818 -3.69015 -3.96735 -4.20889 -4.41411 -4.58252 -4.71378 -4.80768 -4.86407
-4.93937 -4.92052 -4.86403 -4.76994 -4.63838 -4.46953 -4.26368 -4.02124 -3.74281 -3.42921 -3.08152 -2.70115 -2.28988 -1.84993 -1.38396 -0.895177 -0.387302 0.135377 0.668014 1.20523 1.74116 2.26949 2.78358 3.27657 3.7415 4.17149 4.55987 4.90042 5.18747 5.41613 5.58242 5.68339 5.71724 5.68336 5.58235 5.41602 5.18733 4.90025 4.55967 4.17126 3.74126 3.27631 2.7833 2.2692 1.74087 1.20494 0.667721 0.135087 -0.387584 -0.89545 -1.38422 -1.85018 -2.29012 -2.70137 -3.08172 -3.42939 -3.74297 -4.02138 -4.2638 -4.46964 -4.63847 -4.77001 -4.86407 -4.92054
-4.9582 -4.93935 -4.88282 -4.78869 -4.65704 -4.48806 -4.282 -4.03928 -3.76045 -3.44632 -3.09794 -2.7167 -2.30434 -1.86306 -1.3955 -0.904858 -0.39484 0.130263 0.665599 1.20577 1.74487 2.27654 2.7941 3.29061 3.75902 4.19238 4.58393 4.92734 5.21688 5.44757 5.61535 5.71724 5.7514 5.7172 5.61528 5.44746 5.21674 4.92717 4.58373 4.19215 3.75878 3.29034 2.79382 2.27625 1.74457 1.20547 0.665304 0.129972 -0.395124 -0.905133 -1.39577 -1.86331 -2.30457 -2.71691 -3.09814 -3.4465 -3.76061 -4.03942 -4.28213 -4.48816 -4.65713 -4.78875 -4.88287 -4.93937
-4.93935 -4.9205 -4.86401 -4.76992 -4.63836 -4.46951 -4.26366 -4.02122 -3.74279 -3.42919 -3.0815 -2.70113 -2.28987 -1.84991 -1.38395 -0.895166 -0.387293 0.135383 0.668018 1.20523 1.74115 2.26948 2.78357 3.27655 3.74148 4.17147 4.55985 4.90039 5.18744 5.4161 5.58239 5.68336 5.7172 5.68332 5.58231 5.41599 5.1873 4.90022 4.55965 4.17124 3.74124 3.27629 2.78329 2.26919 1.74086 1.20494 0.667723 0.135092 -0.387577 -0.89544 -1.38421 -1.85016 -2.2901 -2.70135 -3.0817 -3.42937 -3.74295 -4.02136 -4.26378 -4.46962 -4.63845 -4.76999 -4.86405 -4.92052
-4.88282 -4.86401 -4.8076 -4.71368 -4.58239 -4.41396 -4.20873 -3.96717 -3.68995 -3.37797 -3.03238 -2.65467 -2.24671 -1.81076 -1.34958 -0.866385 -0.364943 0.150462 0.675016 1.2034 1.72985 2.24818 2.75193 3.23445 3.689 4.10895 4.48793 4.81994 5.09961 5.32226 5.4841 5.58235 5.61528 5.58231 5.48403 5.32215 5.09947 4.81977 4.48773 4.10873 3.68876 3.23419 2.75166 2.2479 1.72956 1.20311 0.674725 0.150175 -0.365224 -0.866657 -1.34984 -1.81101 -2.24694 -2.65489 -3.03258 -3.37815 -3.69011 -3.96731 -4.20885 -4.41407 -4.58248 -4.71374 -4.80764 -4.86403
-4.78869 -4.76992 -4.71368 -4.62007 -4.48928 -4.32161 -4.11748 -3.87746 -3.60235 -3.29314 -2.95114 -2.57795 -2.17557 -1.74637 -1.2932 -0.819353 -0.328631 0.17469 0.685847 1.19963 1.71043 2.2123 2.69906 3.16438 3.60192 4.00546 4.36905 4.68715 4.95476 5.16762 5.32222 5.41602 5.44746 5.41599 5.32215 5.16751 4.95463 4.68698 4.36886 4.00524 3.60168 3.16413 2.69879 2.21203 1.71015 1.19935 0.685563 0.174409 -0.328906 -0.81962 -1.29345 -1.74661 -2.17579 -2.57817 -2.95134 -3.29332 -3.60251 -3.87761 -4.1176 -4.32171 -4.48936 -4.62013 -4.71372 -4.76994
-4.65704 -4.63836 -4.58239 -4.48928 -4.35928 -4.19279 -3.99034 -3.75265 -3.48065 -3.17552 -2.83872 -2.47203 -2.07761 -1.658 -1.21615 -0.755442 -0.27972 0.206755 0.699304 1.19287 1.68208 2.16131 2.62474 3.06653 3.48084 3.86201 4.20468 4.50387 4.75515 4.95473 5.09954 5.18733 5.21674 5.1873 5.09947 4.95463 4.75503 4.50372 4.2045 3.86181 3.48062 3.06629 2.62449 2.16104 1.68182 1.1926 0.69903 0.206483 -0.279987 -0.755702 -1.2164 -1.65824 -2.07784 -2.47224 -2.83891 -3.1757 -3.48081 -3.75279 -3.99046 -4.19289 -4.35937 -4.48934 -4.58243 -4.63838
-4.48806 -4.46951 -4.41396 -4.32161 -4.19279 -4.02802 -3.82797 -3.59353 -3.32583 -3.02623 -2.69641 -2.33838 -1.95447 -1.54739 -1.12025 -0.676513 -0.220057 0.244894 0.713781 1.18176 1.64375 2.09453 2.52878 2.9412 3.32662 3.68006 3.99683 4.27268 4.50383 4.68707 4.81984 4.90025 4.92717 4.90022 4.81978 4.68698 4.50372 4.27254 3.99667 3.67987 3.32642 2.94098 2.52854 2.09428 1.6435 1.1815 0.71352 0.244634 -0.220314 -0.676763 -1.12049 -1.54762 -1.95469 -2.33859 -2.69661 -3.0264 -3.32598 -3.59367 -3.82809 -4.02812 -4.19287 -4.32167 -4.414 -4.46953
-4.282 -4.26366 -4.20873 -4.11748 -3.99034 -3.82797 -3.63121 -3.40114 -3.13911 -2.84672 -2.52589 -2.17885 -1.80816 -1.41671 -1.00776 -0.584861 -0.151899 0.286969 0.727348 1.16466 1.5942 2.01122 2.41099 2.78887 3.14042 3.46144 3.74806 3.9968 4.2046 4.36894 4.48779 4.55968 4.58373 4.55965 4.48773 4.36886 4.2045 3.99667 3.74791 3.46127 3.14023 2.78867 2.41077 2.01099 1.59396 1.16442 0.727102 0.286723 -0.152142 -0.5851 -1.00799 -1.41694 -1.80837 -2.17905 -2.52608 -2.84689 -3.13926 -3.40128 -3.63133 -3.82807 -3.99042 -4.11754 -4.20877 -4.26368
-4.03928 -4.02122 -3.96717 -3.87746 -3.75265 -3.59353 -3.40114 -3.17678 -2.92204 -2.63877 -2.32915 -1.99567 -1.6411 -1.26852 -0.881329 -0.483145 -0.0778343 0.330556 0.737847 1.13979 1.53213 1.91066 2.27132 2.61021 2.92369 3.20843 3.46141 3.67998 3.8619 4.00532 4.10878 4.17127 4.19216 4.17124 4.10874 4.00525 3.86181 3.67987 3.46127 3.20828 2.92352 2.61002 2.27112 1.91045 1.53191 1.13957 0.73762 0.330326 -0.0780626 -0.48337 -0.881549 -1.26874 -1.6413 -1.99586 -2.32933 -2.63894 -2.92219 -3.17692 -3.40126 -3.59363 -3.75273 -3.87752 -3.96721 -4.02124
-3.76045 -3.74279 -3.68995 -3.60235 -3.48065 -3.32583 -3.13911 -2.92204 -2.67645 -2.40447 -2.10855 -1.7914 -1.45603 -1.10571 -0.74391 -0.374303 -0.000690476 0.373044 0.742998 1.10532 1.45625 1.79222 2.10988 2.40614 2.67821 2.92366 3.14035 3.32652 3.4807 3.60175 3.6888 3.74126 3.75878 3.74124 3.68876 3.60169 3.48062 3.32642 3.14024 2.92353 2.67807 2.40598 2.10971 1.79204 1.45606 1.10511 0.742791 0.372834 -0.000901131 -0.374512 -0.744116 -1.10591 -1.45623 -1.79158 -2.10872 -2.40463 -2.67659 -2.92217 -3.13922 -3.32592 -3.48073 -3.60241 -3.68999 -3.74281
-3.44632 -3.42919 -3.37797 -3.29314 -3.17552 -3.02623 -2.84672 -2.63877 -2.40447 -2.14622 -1.86672 -1.56891 -1.25602 -0.931421 -0.598684 -0.261456 0.0765753 0.411752 0.740513 1.05946 1.36541 1.65547 1.92705 2.17789 2.4061 2.61014 2.78877 2.94107 3.06636 3.16418 3.23423 3.27631 3.29035 3.2763 3.23419 3.16413 3.06629 2.94099 2.78867 2.61003 2.40598 2.17775 1.9269 1.65531 1.36524 1.05928 0.740329 0.411564 0.0763845 -0.261647 -0.598873 -0.931606 -1.2562 -1.56909 -1.86688 -2.14638 -2.40461 -2.63889 -2.84683 -3.02632 -3.17559 -3.2932 -3.378 -3.42921
-3.09794 -3.0815 -3.03238 -2.95114 -2.83872 -2.69641 -2.52589 -2.32915 -2.10855 -1.86672 -1.60659 -1.33133 -1.0443 -0.748989 -0.448967 -0.147806 0.150987 0.444045 0.728213 1.00061 1.25868 1.50023 1.72348 1.92701 2.10981 2.27121 2.41085 2.52861 2.62455 2.69884 2.75169 2.78331 2.79383 2.7833 2.75167 2.6988 2.6245 2.52855 2.41077 2.27112 2.10971 1.9269 1.72335 1.5001 1.25853 1.00046 0.728053 0.44388 0.150818 -0.147977 -0.449138 -0.749158 -1.04447 -1.33149 -1.60674 -1.86686 -2.10868 -2.32927 -2.52599 -2.6965 -2.83879 -2.95119 -3.03241 -3.08152
-2.7167 -2.70113 -2.65467 -2.57795 -2.47203 -2.33838 -2.17885 -1.99567 -1.7914 -1.56891 -1.33133 -1.08198 -0.824306 -0.561847 -0.298111 -0.036524 0.219664 0.467447 0.704141 0.927432 1.13543 1.32669 1.5002 1.6554 1.79212 1.91052 2.01105 2.09433 2.16109 2.21206 2.24792 2.26921 2.27626 2.2692 2.24791 2.21203 2.16105 2.09429 2.011 1.91046 1.79204 1.65531 1.5001 1.32658 1.13531 0.927307 0.704007 0.467307 0.219518 -0.0366728 -0.298262 -0.561997 -0.824455 -1.08212 -1.33147 -1.56905 -1.79152 -1.99578 -2.17895 -2.33846 -2.4721 -2.578 -2.65471 -2.70115
-2.30434 -2.28987 -2.24671 -2.17557 -2.07761 -1.95447 -1.80816 -1.6411 -1.45603 -1.25602 -1.0443 -0.824306 -0.599523 -0.373429 -0.149404 0.0693581 0.279937 0.479759 0.666667 0.838962 0.995439 1.13539 1.25861 1.36531 1.45611 1.53196 1.59401 1.64353 1.68184 1.71017 1.72958 1.74087 1.74458 1.74087 1.72957 1.71016 1.68182 1.6435 1.59397 1.53192 1.45606 1.36525 1.25854 1.13531 0.995351 0.838864 0.666561 0.479646 0.279817 0.0692332 -0.149532 -0.373559 -0.599653 -0.824434 -1.04442 -1.25613 -1.45614 -1.6412 -1.80825 -1.95455 -2.07768 -2.17561 -2.24674 -2.28988
-1.86306 -1.84991 -1.81076 -1.74637 -1.658 -1.54739 -1.41671 -1.26852 -1.10571 -0.931421 -0.748989 -0.561847 -0.373429 -0.18708 -0.00595907 0.167057 0.329454 0.479156 0.61458 0.734673 0.838925 0.92736 1.0005 1.05932 1.10515 1.13959 1.16444 1.18152 1.19262 1.19936 1.20312 1.20495 1.20548 1.20495 1.20312 1.19936 1.19261 1.18151 1.16442 1.13957 1.10512 1.05929 1.00046 0.927309 0.838865 0.734605 0.614503 0.47907 0.329361 0.166957 -0.00606337 -0.187188 -0.373538 -0.561956 -0.749096 -0.931524 -1.10581 -1.26861 -1.41679 -1.54746 -1.65806 -1.74641 -1.81079 -1.84993
-1.3955 -1.38395 -1.34958 -1.2932 -1.21615 -1.12025 -1.00776 -0.881329 -0.74391 -0.598684 -0.448967 -0.298111 -0.149404 -0.00595907 0.129381 0.254137 0.366276 0.464275 0.547163 0.614544 0.666595 0.704034 0.728074 0.740344 0.742802 0.737627 0.727108 0.713524 0.699034 0.685568 0.674732 0.667731 0.665314 0.667733 0.674735 0.685573 0.699039 0.713528 0.72711 0.737627 0.742798 0.740334 0.728058 0.704011 0.666563 0.614504 0.547114 0.464218 0.366211 0.254064 0.129302 -0.0060427 -0.149491 -0.2982 -0.449055 -0.59877 -0.743993 -0.881406 -1.00783 -1.12031 -1.2162 -1.29324 -1.3496 -1.38396
-0.904858 -0.895166 -0.866385 -0.819353 -0.755442 -0.676513 -0.584861 -0.483145 -0.374303 -0.261456 -0.147806 -0.036524 0.0693581 0.167057 0.254137 0.3286 0.388958 0.434283 0.464239 0.479084 0.479653 0.467309 0.443876 0.411556 0.372824 0.330316 0.286713 0.244624 0.206476 0.174406 0.150176 0.135098 0.129983 0.135103 0.150185 0.174419 0.206492 0.244643 0.286732 0.330334 0.372841 0.41157 0.443885 0.467312 0.479649 0.479073 0.464219 0.434254 0.388921 0.328555 0.254085 0.166999 0.0692951 -0.0365903 -0.147874 -0.261524 -0.374369 -0.483207 -0.584918 -0.676563 -0.755484 -0.819386 -0.866407 -0.895177
-0.39484 -0.387293 -0.364943 -0.328631 -0.27972 -0.220057 -0.151899 -0.0778343 -0.000690476 0.0765753 0.150987 0.219664 0.279937 0.329454 0.366276 0.388958 0.396607 0.388921 0.366204 0.329347 0.279798 0.219495 0.150791 0.0763556 -0.000930519 -0.078091 -0.152168 -0.220336 -0.280004 -0.328917 -0.365228 -0.387573 -0.395113 -0.387566 -0.365213 -0.328895 -0.279977 -0.220304 -0.152133 -0.078054 -0.000893194 0.0763916 0.150824 0.219524 0.279821 0.329364 0.366213 0.388922 0.396599 0.388942 0.366252 0.329423 0.279899 0.219621 0.150941 0.0765276 -0.000738413 -0.0778808 -0.151942 -0.220096 -0.279753 -0.328656 -0.364961 -0.387302
0.130263 0.135383 0.150462 0.17469 0.206755 0.244894 0.286969 0.330556 0.373044 0.411752 0.444045 0.467447 0.479759 0.479156 0.464275 0.434283 0.388921 0.328528 0.25403 0.166918 0.0691893 -0.0367199 -0.148026 -0.261696 -0.374559 -0.483414 -0.585139 -0.676797 -0.755728 -0.819638 -0.866665 -0.895439 -0.905121 -0.895429 -0.866646 -0.81961 -0.755692 -0.676753 -0.58509 -0.483361 -0.374503 -0.261639 -0.14797 -0.0366665 0.0692385 0.166962 0.254067 0.328558 0.388943 0.434296 0.46428 0.479153 0.479749 0.46743 0.444023 0.411726 0.373016 0.330527 0.286941 0.244868 0.206732 0.174672 0.150449 0.135377
0.665599 0.668018 0.675016 0.685847 0.699304 0.713781 0.727348 0.737847 0.742998 0.740513 0.728213 0.704141 0.666667 0.61458 0.547163 0.464239 0.366204 0.25403 0.129242 -0.00612788 -0.1496 -0.298331 -0.449207 -0.598941 -0.74418 -0.881608 -1.00804 -1.12053 -1.21643 -1.29348 -1.34985 -1.38421 -1.39576 -1.3842 -1.34983 -1.29344 -1.21639 -1.12048 -1.00798 -0.881539 -0.744107 -0.598865 -0.44913 -0.298255 -0.149526 -0.00605808 0.129306 0.254088 0.366254 0.464281 0.547197 0.614606 0.666684 0.70415 0.728216 0.740511 0.742992 0.737837 0.727337 0.713769 0.699293 0.685838 0.67501 0.668014
1.20577 1.20523 1.2034 1.19963 1.19287 1.18176 1.16466 1.13979 1.10532 1.05946 1.00061 0.927432 0.838962 0.734673 0.614544 0.479084 0.329347 0.166918 -0.00612788 -0.187276 -0.373648 -0.562087 -0.749246 -0.931691 -1.10599 -1.26881 -1.417 -1.54768 -1.65828 -1.74664 -1.81103 -1.85017 -1.86329 -1.85015 -1.811 -1.7466 -1.65823 -1.54761 -1.41693 -1.26873 -1.1059 -0.931597 -0.74915 -0.561989 -0.373552 -0.187182 -0.00603741 0.167003 0.329426 0.479155 0.614607 0.734728 0.839007 0.92747 1.00064 1.05948 1.10533 1.1398 1.16467 1.18176 1.19287 1.19963 1.2034 1.20523
1.74487 1.74115 1.72985 1.71043 1.68208 1.64375 1.5942 1.53213 1.45625 1.36541 1.25868 1.13543 0.995439 0.838925 0.666595 0.479653 0.279798 0.0691893 -0.1496 -0.373648 -0.599763 -0.824563 -1.04457 -1.25629 -1.45632 -1.64138 -1.80844 -1.95475 -2.07789 -2.17583 -2.24696 -2.29011 -2.30456 -2.29009 -2.24693 -2.17578 -2.07783 -1.95468 -1.80836 -1.64129 -1.45622 -1.25619 -1.04446 -0.824447 -0.599645 -0.373531 -0.149485 0.0693005 0.279904 0.479752 0.666686 0.839008 0.995513 1.1355 1.25873 1.36546 1.45629 1.53216 1.59423 1.64377 1.6821 1.71044 1.72985 1.74116
2.27654 2.26948 2.24818 2.2123 2.16131 2.09453 2.01122 1.91066 1.79222 1.65547 1.50023 1.32669 1.13539 0.92736 0.704034 0.467309 0.219495 -0.0367199 -0.298331 -0.562087 -0.824563 -1.08225 -1.33161 -1.5692 -1.79169 -1.99595 -2.17913 -2.33865 -2.4723 -2.5782 -2.65491 -2.70135 -2.7169 -2.70134 -2.65488 -2.57816 -2.47223 -2.33858 -2.17904 -1.99585 -1.79157 -1.56908 -1.33148 -1.08211 -0.824426 -0.561948 -0.298193 -0.0365841 0.219627 0.467435 0.704154 0.927472 1.1355 1.32678 1.50032 1.65554 1.79229 1.91072 2.01127 2.09456 2.16134 2.21232 2.24819 2.26949
2.7941 2.78357 2.75193 2.69906 2.62474 2.52878 2.41099 2.27132 2.10988 1.92705 1.72348 1.5002 1.25861 1.0005 0.728074 0.443876 0.150791 -0.148026 -0.449207 -0.749246 -1.04457 -1.33161 -1.60688 -1.867 -2.10883 -2.32944 -2.52616 -2.69668 -2.83897 -2.95138 -3.0326 -3.08171 -3.09813 -3.08169 -3.03257 -2.95133 -2.8389 -2.69659 -2.52607 -2.32932 -2.10871 -1.86687 -1.60673 -1.33146 -1.04442 -0.749088 -0.449047 -0.147867 0.150947 0.444028 0.72822 1.00064 1.25874 1.50032 1.72359 1.92715 2.10997 2.27139 2.41105 2.52883 2.62479 2.69909 2.75196 2.78358
3.29061 3.27655 3.23445 3.16438 3.06653 2.9412 2.78887 2.61021 2.40614 2.17789 1.92701 1.6554 1.36531 1.05932 0.740344 0.411556 0.0763556 -0.261696 -0.598941 -0.931691 -1.25629 -1.5692 -1.867 -2.14651 -2.40475 -2.63904 -2.84698 -3.02648 -3.17576 -3.29337 -3.37817 -3.42938 -3.44649 -3.42936 -3.37814 -3.29331 -3.17569 -3.02639 -2.84688 -2.63893 -2.40462 -2.14637 -1.86685 -1.56904 -1.25612 -0.931515 -0.598762 -0.261516 0.0765348 0.411733 0.740516 1.05949 1.36546 1.65555 1.92715 2.17801 2.40625 2.61031 2.78896 2.94128 3.06659 3.16442 3.23448 3.27657
3.75902 3.74148 3.689 3.60192 3.48084 3.32662 3.14042 2.92369 2.67821 2.4061 2.10981 1.79212 1.45611 1.10515 0.742802 0.372824 -0.000930519 -0.374559 -0.74418 -1.10599 -1.45632 -1.79169 -2.10883 -2.40475 -2.67672 -2.9223 -3.13936 -3.32606 -3.48088 -3.60256 -3.69014 -3.74296 -3.7606 -3.74294 -3.6901 -3.6025 -3.4808 -3.32597 -3.13925 -2.92218 -2.67658 -2.4046 -2.10867 -1.79151 -1.45614 -1.1058 -0.743984 -0.37436 -0.000730476 0.373023 0.742998 1.10534 1.4563 1.79229 2.10997 2.40625 2.67835 2.92382 3.14053 3.32671 3.48091 3.60197 3.68903 3.7415
4.19238 4.17147 4.10895 4.00546 3.86201 3.68006 3.46144 3.20843 2.92366 2.61014 2.27121 1.91052 1.53196 1.13959 0.737627 0.330316 -0.078091 -0.483414 -0.881608 -1.26881 -1.64138 -1.99595 -2.32944 -2.63904 -2.9223 -3.17704 -3.40138 -3.59376 -3.75286 -3.87765 -3.96734 -4.02137 -4.03941 -4.02135 -3.9673 -3.8776 -3.75278 -3.59366 -3.40127 -3.17691 -2.92216 -2.63888 -2.32926 -1.99577 -1.64119 -1.2686 -0.881396 -0.483198 -0.0778722 0.330535 0.737845 1.13981 1.53217 1.91072 2.2714 2.61031 2.92382 3.20857 3.46157 3.68016 3.8621 4.00552 4.109 4.17149
4.58393 4.55985 4.48793 4.36905 4.20468 3.99683 3.74806 3.46141 3.14035 2.78877 2.41085 2.01105 1.59401 1.16444 0.727108 0.286713 -0.152168 -0.585139 -1.00804 -1.417 -1.80844 -2.17913 -2.52616 -2.84698 -3.13936 -3.40138 -3.63143 -3.82818 -3.99053 -4.11765 -4.20888 -4.26379 -4.28212 -4.26377 -4.20884 -4.11759 -3.99045 -3.82808 -3.63132 -3.40125 -3.13921 -2.84682 -2.52598 -2.17894 -1.80824 -1.41678 -1.00782 -0.584908 -0.151933 0.28695 0.727345 1.16467 1.59423 2.01127 2.41106 2.78896 3.14053 3.46157 3.74821 3.99695 4.20478 4.36912 4.48798 4.55987
4.92734 4.90039 4.81994 4.68715 4.50387 4.27268 3.9968 3.67998 3.32652 2.94107 2.52861 2.09433 1.64353 1.18152 0.713524 0.244624 -0.220336 -0.676797 -1.12053 -1.54768 -1.95475 -2.33865 -2.69668 -3.02648 -3.32606 -3.59376 -3.82818 -4.02821 -4.19296 -4.32176 -4.4141 -4.46963 -4.48815 -4.46961 -4.41406 -4.3217 -4.19288 -4.02811 -3.82806 -3.59362 -3.32591 -3.02631 -2.69649 -2.33845 -1.95453 -1.54745 -1.1203 -0.676553 -0.220086 0.244877 0.713778 1.18177 1.64378 2.09457 2.52884 2.94128 3.32672 3.68016 3.99696 4.27282 4.50398 4.68723 4.82 4.90042
5.21688 5.18744 5.09961 4.95476 4.75515 4.50383 4.2046 3.8619 3.4807 3.06636 2.62455 2.16109 1.68184 1.19262 0.699034 0.206476 -0.280004 -0.755728 -1.21643 -1.65828 -2.07789 -2.4723 -2.83897 -3.17576 -3.48088 -3.75286 -3.99053 -4.19296 -4.35944 -4.48941 -4.58251 -4.63846 -4.65712 -4.63844 -4.58247 -4.48935 -4.35936 -4.19286 -3.99041 -3.75272 -3.48072 -3.17558 -2.83878 -2.47209 -2.07767 -1.65805 -1.21619 -0.755474 -0.279743 0.206742 0.699302 1.19288 1.68211 2.16134 2.62479 3.06659 3.48091 3.8621 4.20478 4.50398 4.75527 4.95486 5.09967 5.18747
5.44757 5.4161 5.32226 5.16762 4.95473 4.68707 4.36894 4.00532 3.60175 3.16418 2.69884 2.21206 1.71017 1.19936 0.685568 0.174406 -0.328917 -0.819638 -1.29348 -1.74664 -2.17583 -2.5782 -2.95138 -3.29337 -3.60256 -3.87765 -4.11765 -4.32176 -4.48941 -4.62018 -4.71378 -4.77 -4.78874 -4.76998 -4.71373 -4.62012 -4.48933 -4.32166 -4.11753 -3.87751 -3.6024 -3.29319 -2.95118 -2.57799 -2.1756 -1.7464 -1.29322 -0.819375 -0.328646 0.174682 0.685847 1.19964 1.71045 2.21233 2.6991 3.16443 3.60198 4.00553 4.36913 4.68723 4.95486 5.16772 5.32233 5.41613
5.61535 5.58239 5.4841 5.32222 5.09954 4.81984 4.48779 4.10878 3.6888 3.23423 2.75169 2.24792 1.72958 1.20312 0.674732 0.150176 -0.365228 -0.866665 -1.34985 -1.81103 -2.24696 -2.65491 -3.0326 -3.37817 -3.69014 -3.96734 -4.20888 -4.4141 -4.58251 -4.71378 -4.80767 -4.86406 -4.88286 -4.86404 -4.80763 -4.71371 -4.58243 -4.41399 -4.20876 -3.9672 -3.68998 -3.37799 -3.0324 -2.65469 -2.24673 -1.81078 -1.34959 -0.866396 -0.36495 0.15046 0.67502 1.20341 1.72986 2.2482 2.75196 3.23448 3.68904 4.109 4.48798 4.82 5.09967 5.32233 5.48418 5.58242
5.71724 5.68336 5.58235 5.41602 5.18733 4.90025 4.55968 4.17127 3.74126 3.27631 2.78331 2.26921 1.74087 1.20495 0.667731 0.135098 -0.387573 -0.895439 -1.38421 -1.85017 -2.29011 -2.70135 -3.08171 -3.42938 -3.74296 -4.02137 -4.26379 -4.46963 -4.63846 -4.77 -4.86406 -4.92053 -4.93936 -4.92051 -4.86402 -4.76994 -4.63838 -4.46952 -4.26367 -4.02123 -3.7428 -3.4292 -3.08151 -2.70114 -2.28987 -1.84992 -1.38395 -0.895166 -0.387291 0.135387 0.668025 1.20524 1.74117 2.26949 2.78359 3.27658 3.74151 4.17149 4.55988 4.90042 5.18747 5.41613 5.58242 5.68339

