0
0 0 5.55112e-17 1.11022e-16 0 -1.11022e-16 0 -2.22045e-16 2.22045e-16 2.22045e-16 0 -2.22045e-16 -2.22045e-16 2.22045e-16 2.22045e-16 0 -2.22045e-16 -4.44089e-16 4.44089e-16 2.22045e-16 0 -2.22045e-16 0 2.22045e-16 2.22045e-16 -2.22045e-16 -2.22045e-16 -1.11022e-16 0 0 0 2.77556e-17 0 0 -5.55112e-17 -1.11022e-16 0 1.11022e-16 2.22045e-16 0 0 -2.22045e-16 -2.22045e-16 4.44089e-16 2.22045e-16 -2.22045e-16 -2.22045e-16 4.44089e-16 0 0 -2.22045e-16 -2.22045e-16 2.22045e-16 2.22045e-16 -2.22045e-16 -2.22045e-16 0 2.22045e-16 0 1.11022e-16 0 0 -5.55112e-17 -2.77556e-17
0 0 2.22045e-16 0 0 -2.22045e-16 -2.22045e-16 0 2.22045e-16 2.22045e-16 0 -2.22045e-16 -2.22045e-16 4.44089e-16 0 0 -4.44089e-16 -4.44089e-16 4.44089e-16 2.22045e-16 0 0 2.22045e-16 2.22045e-16 2.22045e-16 -2.22045e-16 -2.22045e-16 0 1.11022e-16 0 5.55112e-17 2.77556e-17 0 0 -1.11022e-16 0 0 3.33067e-16 2.22045e-16 0 -2.22045e-16 0 2.22045e-16 4.44089e-16 0 -2.22045e-16 2.22045e-16 2.22045e-16 0 0 -2.22045e-16 0 2.22045e-16 0 -2.22045e-16 -2.22045e-16 0 2.22045e-16 0 2.22045e-16 1.11022e-16 -5.55112e-17 -5.55112e-17 -1.87486e-17
0 1.11022e-16 0 0 0 -2.22045e-16 0 2.22045e-16 2.22045e-16 -2.22045e-16 -2.22045e-16 0 0 0 4.44089e-16 0 4.44089e-16 4.44089e-16 4.44089e-16 0 2.22045e-16 -2.22045e-16 2.22045e-16 2.22045e-16 -2.22045e-16 -2.22045e-16 0 -1.11022e-16 -1.11022e-16 0 0 2.77556e-17 -2.77556e-17 -5.55112e-17 -5.55112e-17 0 0 0 2.22045e-16 -2.22045e-16 -2.22045e-16 2.22045e-16 0 2.22045e-16 -2.22045e-16 0 -2.22045e-16 2.22045e-16 0 0 2.22045e-16 -2.22045e-16 2.22045e-16 0 -2.22045e-16 0 0 2.22045e-16 -1.11022e-16 0 -5.55112e-17 -5.55112e-17 -3.26264e-17 0
1.11022e-16 0 0 2.22045e-16 -2.22045e-16 0 0 -2.22045e-16 0 0 4.44089e-16 4.44089e-16 0 0 0 4.44089e-16 4.44089e-16 -4.44089e-16 0 0 0 0 -2.22045e-16 -2.22045e-16 -2.22045e-16 0 0 0 0 -1.11022e-16 5.55112e-17 -5.55112e-17 -5.55112e-17 0 0 0 0 1.11022e-16 0 -2.22045e-16 2.22045e-16 0 -4.44089e-16 0 2.22045e-16 -2.22045e-16 -2.22045e-16 2.22045e-16 -2.22045e-16 0 2.22045e-16 -4.44089e-16 0 0 -2.22045e-16 0 0 0 0 5.55112e-17 -5.55112e-17 2.28848e-17 -2.77556e-17 -5.55112e-17
0 0 0 0 0 2.22045e-16 2.22045e-16 -2.22045e-16 0 4.44089e-16 0 -4.44089e-16 -4.44089e-16 0 4.44089e-16 0 -4.44089e-16 -4.44089e-16 0 0 0 -2.22045e-16 2.22045e-16 0 2.22045e-16 -2.22045e-16 -2.22045e-16 0 0 0 -5.55112e-17 -5.55112e-17 0 1.11022e-16 5.55112e-17 -1.11022e-16 1.11022e-16 1.11022e-16 2.22045e-16 2.22045e-16 0 -2.22045e-16 -2.22045e-16 4.44089e-16 0 0 0 0 2.22045e-16 0 -2.22045e-16 0 2.22045e-16 2.22045e-16 0 0 2.22045e-16 2.22045e-16 0 5.55112e-17 2.28848e-17 0 0 1.11022e-16
-1.11022e-16 0 0 2.22045e-16 2.22045e-16 0 0 0 0 0 0 -4.44089e-16 -4.44089e-16 0 0 0 -4.44089e-16 -4.44089e-16 0 4.44089e-16 0 0 0 2.22045e-16 2.22045e-16 -2.22045e-16 -2.22045e-16 0 -1.11022e-16 1.11022e-16 -5.55112e-17 0 5.55112e-17 1.66533e-16 -5.55112e-17 -1.11022e-16 -1.11022e-16 1.11022e-16 2.22045e-16 0 -2.22045e-16 -2.22045e-16 2.22045e-16 2.22045e-16 2.22045e-16 -2.22045e-16 -2.22045e-16 2.22045e-16 2.22045e-16 -2.22045e-16 -2.22045e-16 0 2.22045e-16 2.22045e-16 0 0 0 5.55112e-17 -5.55112e-17 7.83959e-17 -2.77556e-17 0 0 0
0 -2.22045e-16 2.22045e-16 0 0 -2.22045e-16 -4.44089e-16 0 4.44089e-16 4.44089e-16 -4.44089e-16 -4.44089e-16 0 0 0 0 0 0 4.44089e-16 0 -4.44089e-16 0 2.22045e-16 2.22045e-16 2.22045e-16 -2.22045e-16 -2.22045e-16 -1.11022e-16 1.11022e-16 0 -5.55112e-17 0 1.11022e-16 5.55112e-17 -5.55112e-17 -2.22045e-16 0 2.22045e-16 2.22045e-16 -2.22045e-16 0 0 0 2.22045e-16 2.22045e-16 -4.44089e-16 0 4.44089e-16 -2.22045e-16 0 -2.22045e-16 0 1.11022e-16 1.11022e-16 0 0 0 5.55112e-17 2.28848e-17 8.32667e-17 5.55112e-17 0 1.11022e-16 -1.11022e-16
0 0 4.44089e-16 0 -2.22045e-16 0 0 0 0 0 0 0 0 0 0 0 0 0 4.44089e-16 0 -4.44089e-16 -2.22045e-16 0 2.22045e-16 0 -2.22045e-16 0 -1.11022e-16 0 0 0 5.55112e-17 0 0 -1.66533e-16 -5.55112e-17 2.22045e-16 0 0 -1.11022e-16 2.22045e-16 -2.22045e-16 0 0 -2.22045e-16 -2.22045e-16 0 2.22045e-16 0 0 0 -1.11022e-16 2.22045e-16 0 -1.11022e-16 -1.11022e-16 -5.55112e-17 1.33907e-16 -2.77556e-17 5.55112e-17 1.11022e-16 1.11022e-16 -1.11022e-16 0
0 0 2.22045e-16 0 -4.44089e-16 0 0 0 0 0 0 0 0 0 0 4.44089e-16 0 -4.44089e-16 0 0 0 0 0 2.22045e-16 2.22045e-16 0 0 -2.22045e-16 0 0 1.11022e-16 0 0 -1.11022e-16 -1.11022e-16 5.55112e-17 0 0 1.11022e-16 2.22045e-16 0 0 0 2.22045e-16 0 0 -2.22045e-16 2.22045e-16 0 0 0 -1.11022e-16 0 1.11022e-16 0 -1.66533e-16 2.28848e-17 8.32667e-17 0 0 1.11022e-16 0 -2.22045e-16 -2.22045e-16
2.22045e-16 0 0 -2.22045e-16 4.44089e-16 0 0 -4.44089e-16 0 4.44089e-16 0 -4.44089e-16 -4.44089e-16 0 4.44089e-16 0 -4.44089e-16 -4.44089e-16 0 0 -4.44089e-16 0 0 -2.22045e-16 2.22045e-16 -2.22045e-16 0 0 0 1.11022e-16 0 1.11022e-16 -1.11022e-16 -1.11022e-16 1.11022e-16 5.55112e-17 -1.11022e-16 1.11022e-16 3.33067e-16 0 0 0 -4.44089e-16 4.44089e-16 0 -2.22045e-16 -2.22045e-16 2.22045e-16 2.22045e-16 1.11022e-16 0 -2.22045e-16 1.11022e-16 0 -1.66533e-16 -8.81375e-17 -2.77556e-17 1.66533e-16 1.11022e-16 2.22045e-16 -1.11022e-16 -2.22045e-16 0 0
0 0 0 4.44089e-16 0 0 0 -4.44089e-16 4.44089e-16 0 0 0 0 4.44089e-16 4.44089e-16 0 -4.44089e-16 0 0 4.44089e-16 2.22045e-16 0 -2.22045e-16 2.22045e-16 0 0 -2.22045e-16 1.11022e-16 0 0 1.11022e-16 0 -1.11022e-16 2.22045e-16 0 -1.11022e-16 -1.11022e-16 3.33067e-16 2.22045e-16 0 0 -3.33067e-16 0 3.33067e-16 1.11022e-16 -2.22045e-16 -1.11022e-16 2.22045e-16 0 0 -1.11022e-16 -1.11022e-16 0 5.55112e-17 -8.81375e-17 -1.38778e-16 -5.55112e-17 1.66533e-16 0 0 0 -2.22045e-16 0 2.22045e-16
0 -2.22045e-16 4.44089e-16 4.44089e-16 0 -4.44089e-16 0 0 0 0 0 0 0 0 0 0 0 0 0 0 0 -2.22045e-16 2.22045e-16 2.22045e-16 0 -2.22045e-16 0 0 0 -1.11022e-16 -1.11022e-16 -1.11022e-16 2.22045e-16 1.11022e-16 0 -1.11022e-16 2.77556e-16 2.22045e-16 0 0 -1.11022e-16 -2.22045e-16 0 1.11022e-16 1.11022e-16 0 1.11022e-16 2.22045e-16 0 1.11022e-16 0 -2.22045e-16 1.66533e-16 1.33907e-16 -1.38778e-16 -5.55112e-17 5.55112e-17 1.11022e-16 0 -1.11022e-16 0 0 2.22045e-16 0
0 0 0 4.44089e-16 0 0 0 0 0 0 4.44089e-16 0 0 0 0 -4.44089e-16 0 0 4.44089e-16 2.22045e-16 -2.22045e-16 -2.22045e-16 0 0 0 0 0 -1.11022e-16 0 0 -1.11022e-16 2.22045e-16 1.11022e-16 -1.11022e-16 -1.11022e-16 2.22045e-16 0 0 0 -1.11022e-16 1.11022e-16 -1.11022e-16 -2.22045e-16 1.11022e-16 0 0 -1.11022e-16 2.22045e-16 -1.11022e-16 -5.55112e-17 -1.11022e-16 -5.55112e-17 1.33907e-16 8.32667e-17 -5.55112e-17 -5.55112e-17 1.11022e-16 1.11022e-16 -1.11022e-16 0 0 2.22045e-16 0 0
2.22045e-16 4.44089e-16 -4.44089e-16 -4.44089e-16 0 0 0 0 0 0 4.44089e-16 0 -4.44089e-16 0 0 0 -4.44089e-16 0 0 0 2.22045e-16 0 0 2.22045e-16 2.22045e-16 0 -2.22045e-16 0 -1.11022e-16 -1.11022e-16 3.33067e-16 2.22045e-16 -1.11022e-16 -2.22045e-16 1.11022e-16 1.11022e-16 1.11022e-16 -5.55112e-17 1.11022e-16 1.11022e-16 1.11022e-16 -1.11022e-16 -1.11022e-16 2.22045e-16 2.22045e-16 -2.22045e-16 -1.11022e-16 1.66533e-16 0 8.32667e-17 -1.52656e-16 -8.81375e-17 8.32667e-17 5.55112e-17 -5.55112e-17 0 -1.11022e-16 0 -2.22045e-16 0 2.22045e-16 0 -2.22045e-16 0
0 -4.44089e-16 0 0 4.44089e-16 0 0 -4.44089e-16 0 4.44089e-16 0 0 -4.44089e-16 0 0 0 0 0 2.22045e-16 2.22045e-16 0 0 0 2.22045e-16 2.22045e-16 -1.11022e-16 -1.11022e-16 -2.22045e-16 -1.11022e-16 1.11022e-16 1.11022e-16 -1.11022e-16 -1.11022e-16 1.11022e-16 0 -2.22045e-16 -2.22045e-16 1.11022e-16 2.22045e-16 1.11022e-16 -1.11022e-16 -1.11022e-16 -1.11022e-16 2.22045e-16 3.33067e-16 0 -2.22045e-16 2.22045e-16 -1.38778e-16 6.93889e-17 -8.81375e-17 -1.38778e-16 5.55112e-17 1.66533e-16 0 -1.11022e-16 -1.11022e-16 1.11022e-16 0 2.22045e-16 0 -2.22045e-16 0 2.22045e-16
0 0 -4.44089e-16 0 4.44089e-16 0 0 0 4.44089e-16 0 0 -4.44089e-16 -4.44089e-16 0 0 0 0 -4.44089e-16 4.44089e-16 0 -2.22045e-16 -2.22045e-16 0 2.22045e-16 2.22045e-16 -2.22045e-16 -1.11022e-16 -1.11022e-16 1.66533e-16 1.11022e-16 1.11022e-16 0 2.22045e-16 -1.11022e-16 -1.11022e-16 -1.11022e-16 0 2.22045e-16 3.33067e-16 -1.11022e-16 -1.11022e-16 -2.22045e-16 -1.11022e-16 2.22045e-16 2.22045e-16 -1.11022e-16 -1.66533e-16 1.11022e-16 6.93889e-17 2.28848e-17 -1.38778e-16 -5.55112e-17 1.66533e-16 1.66533e-16 -1.11022e-16 -2.22045e-16 0 2.22045e-16 0 0 0 0 0 2.22045e-16
0 -4.44089e-16 4.44089e-16 4.44089e-16 0 -4.44089e-16 0 0 4.44089e-16 0 -4.44089e-16 0 0 0 4.44089e-16 0 0 0 2.22045e-16 0 0 2.22045e-16 2.22045e-16 2.22045e-16 2.22045e-16 -2.22045e-16 -2.22045e-16 1.11022e-16 2.22045e-16 -2.22045e-16 -1.11022e-16 2.22045e-16 -1.11022e-16 -1.11022e-16 0 -1.11022e-16 1.11022e-16 3.33067e-16 -1.11022e-16 -1.11022e-16 0 0 -1.11022e-16 2.22045e-16 1.11022e-16 -2.22045e-16 -2.498e-16 2.91434e-16 2.28848e-17 -2.77556e-17 -5.55112e-17 -5.55112e-17 2.22045e-16 0 -2.22045e-16 -2.22045e-16 0 0 0 -2.22045e-16 0 2.22045e-16 0 0
-2.22045e-16 0 4.44089e-16 0 0 0 4.44089e-16 0 0 0 0 0 0 4.44089e-16 0 -2.22045e-16 0 -2.22045e-16 2.22045e-16 2.22045e-16 2.22045e-16 -2.22045e-16 0 0 -1.11022e-16 -2.22045e-16 1.11022e-16 0 0 0 2.22045e-16 0 0 -1.11022e-16 -1.11022e-16 1.11022e-16 1.11022e-16 -1.11022e-16 -1.11022e-16 0 0 -2.22045e-16 -1.11022e-16 3.33067e-16 1.66533e-16 -1.11022e-16 -4.16334e-17 2.44929e-16 -2.77556e-17 5.55112e-17 -5.55112e-17 0 0 0 -1.11022e-16 0 2.22045e-16 0 0 0 0 0 0 0
2.22045e-16 0 0 0 0 0 4.44089e-16 -4.44089e-16 0 0 0 -4.44089e-16 -4.44089e-16 0 0 2.22045e-16 0 -2.22045e-16 2.22045e-16 2.22045e-16 0 0 0 0 1.11022e-16 1.11022e-16 0 -2.22045e-16 -1.11022e-16 1.11022e-16 0 0 -1.11022e-16 -2.22045e-16 1.11022e-16 1.11022e-16 -1.11022e-16 0 0 2.22045e-16 0 0 -1.66533e-16 2.22045e-16 8.32667e-17 -1.52656e-16 -8.81375e-17 1.94289e-16 -5.55112e-17 5.55112e-17 -1.11022e-16 -1.66533e-16 1.11022e-16 0 -1.11022e-16 1.11022e-16 0 0 -2.22045e-16 2.22045e-16 0 -2.22045e-16 0 0
2.22045e-16 2.22045e-16 -4.44089e-16 0 0 4.44089e-16 0 0 0 0 0 0 0 0 2.22045e-16 0 -4.44089e-16 0 2.22045e-16 2.22045e-16 0 0 -2.22045e-16 1.11022e-16 3.33067e-16 1.11022e-16 -3.33067e-16 -1.11022e-16 1.11022e-16 0 1.11022e-16 1.11022e-16 -1.11022e-16 0 0 -2.22045e-16 0 -5.55112e-17 2.22045e-16 0 0 -1.11022e-16 -1.11022e-16 3.05311e-16 6.93889e-17 -8.81375e-17 -1.38778e-16 1.66533e-16 5.55112e-17 5.55112e-17 -1.66533e-16 -2.22045e-16 0 1.11022e-16 0 -2.22045e-16 0 0 2.22045e-16 2.22045e-16 0 -2.22045e-16 0 2.22045e-16
0 0 2.22045e-16 2.22045e-16 4.44089e-16 0 0 -4.44089e-16 4.44089e-16 -2.22045e-16 0 -2.22045e-16 -2.22045e-16 2.22045e-16 2.22045e-16 -2.22045e-16 -2.22045e-16 -2.22045e-16 4.44089e-16 2.22045e-16 0 -2.22045e-16 -2.22045e-16 3.33067e-16 1.11022e-16 -2.22045e-16 -2.22045e-16 1.11022e-16 0 1.11022e-16 0 -1.11022e-16 1.11022e-16 1.11022e-16 -1.11022e-16 -3.33067e-16 0 1.66533e-16 2.22045e-16 0 -1.11022e-16 -5.55112e-17 -2.22045e-16 1.80411e-16 1.33907e-16 -1.38778e-16 -5.55112e-17 2.77556e-16 1.11022e-16 -5.55112e-17 -2.22045e-16 -1.11022e-16 2.22045e-16 3.33067e-16 -1.11022e-16 0 0 0 0 -2.22045e-16 -2.22045e-16 0 0 2.22045e-16
-2.22045e-16 0 0 2.22045e-16 0 -2.22045e-16 0 -2.22045e-16 0 0 0 -2.22045e-16 -2.22045e-16 0 0 -2.22045e-16 2.22045e-16 -4.44089e-16 4.44089e-16 0 0 -2.22045e-16 2.22045e-16 1.11022e-16 0 -3.33067e-16 2.22045e-16 0 -1.11022e-16 -1.11022e-16 0 2.22045e-16 1.11022e-16 -1.11022e-16 -2.22045e-16 0 5.55112e-17 1.66533e-16 2.22045e-16 -1.11022e-16 0 -1.38778e-16 -1.52656e-16 2.44929e-16 8.32667e-17 -5.55112e-17 -5.55112e-17 3.33067e-16 -5.55112e-17 -1.11022e-16 -2.22045e-16 -1.11022e-16 3.33067e-16 1.11022e-16 -2.22045e-16 -2.22045e-16 2.22045e-16 2.22045e-16 -4.44089e-16 0 0 0 0 -2.22045e-16
0 0 2.22045e-16 0 0 -2.22045e-16 2.22045e-16 -2.22045e-16 2.22045e-16 2.22045e-16 -2.22045e-16 2.22045e-16 -2.22045e-16 0 0 0 2.22045e-16 -4.44089e-16 4.44089e-16 0 -2.22045e-16 1.11022e-16 1.11022e-16 0 0 0 0 0 -1.11022e-16 -1.11022e-16 1.11022e-16 2.22045e-16 -1.11022e-16 -1.11022e-16 -1.11022e-16 1.11022e-16 5.55112e-17 1.66533e-16 1.11022e-16 -5.55112e-17 -2.77556e-17 -1.52656e-16 -8.81375e-17 1.94289e-16 1.66533e-16 -5.55112e-17 -5.55112e-17 1.66533e-16 -1.11022e-16 0 -1.11022e-16 0 1.11022e-16 0 -2.22045e-16 0 2.22045e-16 0 0 0 0 2.22045e-16 0 -2.22045e-16
0 2.22045e-16 0 0 -2.22045e-16 0 0 -2.22045e-16 2.22045e-16 -2.22045e-16 2.22045e-16 -2.22045e-16 -2.22045e-16 2.22045e-16 2.22045e-16 0 -2.22045e-16 -2.22045e-16 1.11022e-16 1.11022e-16 2.22045e-16 -1.11022e-16 -1.11022e-16 0 2.22045e-16 -1.11022e-16 -1.11022e-16 -1.11022e-16 -1.11022e-16 2.22045e-16 1.11022e-16 -1.11022e-16 -1.11022e-16 0 1.11022e-16 -5.55112e-17 5.55112e-17 5.55112e-17 1.66533e-16 -2.77556e-17 -4.16334e-17 -8.81375e-17 -1.38778e-16 2.77556e-16 2.22045e-16 -1.11022e-16 -1.66533e-16 1.11022e-16 0 1.11022e-16 1.11022e-16 -1.11022e-16 0 0 -1.11022e-16 0 -2.22045e-16 0 0 0 4.44089e-16 0 0 0
2.22045e-16 0 0 0 0 0 2.22045e-16 -2.22045e-16 2.22045e-16 2.22045e-16 0 0 -4.44089e-16 2.22045e-16 2.22045e-16 0 0 -4.44089e-16 2.22045e-16 3.33067e-16 0 -2.22045e-16 -1.11022e-16 2.22045e-16 1.11022e-16 -2.22045e-16 -1.11022e-16 -1.11022e-16 0 1.11022e-16 -1.11022e-16 0 0 1.11022e-16 -1.11022e-16 5.55112e-17 -5.55112e-17 5.55112e-17 8.32667e-17 -4.16334e-17 2.28848e-17 -1.38778e-16 -1.66533e-16 2.77556e-16 1.66533e-16 -1.66533e-16 -2.22045e-16 1.11022e-16 0 1.11022e-16 -1.11022e-16 -2.22045e-16 0 2.22045e-16 0 -3.33067e-16 -1.11022e-16 2.22045e-16 0 2.22045e-16 0 -2.22045e-16 0 2.22045e-16
0 -2.22045e-16 0 2.22045e-16 -2.22045e-16 -2.22045e-16 0 -2.22045e-16 2.22045e-16 0 0 -2.22045e-16 0 2.22045e-16 1.11022e-16 -1.11022e-16 -2.22045e-16 -3.33067e-16 4.44089e-16 3.33067e-16 -1.11022e-16 -3.33067e-16 1.11022e-16 1.11022e-16 0 -2.22045e-16 -2.22045e-16 0 1.66533e-16 -1.11022e-16 -1.11022e-16 0 1.11022e-16 0 5.55112e-17 -5.55112e-17 5.55112e-17 5.55112e-17 6.93889e-17 2.28848e-17 -2.77556e-17 -5.55112e-17 -5.55112e-17 2.77556e-16 5.55112e-17 -2.22045e-16 -1.11022e-16 3.33067e-16 2.22045e-16 0 -2.22045e-16 -2.22045e-16 3.33067e-16 2.22045e-16 -3.33067e-16 -2.22045e-16 0 1.11022e-16 0 0 0 0 2.22045e-16 0
0 -2.22045e-16 2.22045e-16 2.22045e-16 0 -2.22045e-16 -2.22045e-16 0 0 0 -2.22045e-16 0 0 0 1.11022e-16 0 -2.22045e-16 0 3.33067e-16 -1.11022e-16 -1.11022e-16 2.22045e-16 1.11022e-16 1.11022e-16 1.11022e-16 -2.22045e-16 0 0 -5.55112e-17 -1.11022e-16 0 1.11022e-16 0 5.55112e-17 0 -5.55112e-17 -5.55112e-17 1.38778e-17 1.33907e-16 -2.77556e-17 -5.55112e-17 -5.55112e-17 -5.55112e-17 1.66533e-16 0 -2.22045e-16 -1.11022e-16 4.44089e-16 0 -1.11022e-16 -2.22045e-16 0 2.22045e-16 -1.11022e-16 -2.22045e-16 -1.11022e-16 1.11022e-16 3.33067e-16 -1.11022e-16 0 0 2.22045e-16 2.22045e-16 0
-1.11022e-16 0 1.11022e-16 0 0 0 -1.11022e-16 -2.22045e-16 0 1.11022e-16 2.22045e-16 0 -2.22045e-16 2.22045e-16 0 -1.11022e-16 0 -2.22045e-16 5.55112e-17 5.55112e-17 1.66533e-16 -5.55112e-17 5.55112e-17 5.55112e-17 5.55112e-17 -5.55112e-17 -5.55112e-17 -1.66533e-16 -1.11022e-16 5.55112e-17 1.66533e-16 0 5.55112e-17 0 -5.55112e-17 -8.32667e-17 1.38778e-17 7.83959e-17 8.32667e-17 5.55112e-17 5.55112e-17 -5.55112e-17 -1.66533e-16 1.11022e-16 1.11022e-16 -1.11022e-16 5.55112e-17 1.66533e-16 -1.66533e-16 -1.66533e-16 -5.55112e-17 0 0 0 0 0 2.22045e-16 0 -2.22045e-16 0 2.22045e-16 0 -2.22045e-16 -2.22045e-16
0 0 0 1.11022e-16 0 -1.11022e-16 0 -2.22045e-16 1.11022e-16 2.22045e-16 0 0 0 -1.11022e-16 1.11022e-16 1.66533e-16 5.55112e-17 -2.77556e-16 1.66533e-16 2.77556e-16 5.55112e-17 -1.66533e-16 -5.55112e-17 5.55112e-17 1.66533e-16 5.55112e-17 -1.66533e-16 -1.66533e-16 0 5.55112e-17 5.55112e-17 5.55112e-17 0 0 -5.55112e-17 -9.71445e-17 2.28848e-17 2.77556e-17 1.66533e-16 5.55112e-17 5.55112e-17 -1.66533e-16 -2.22045e-16 2.22045e-16 2.77556e-16 1.66533e-16 -1.66533e-16 1.66533e-16 -5.55112e-17 5.55112e-17 5.55112e-17 -3.88578e-16 -5.55112e-17 1.11022e-16 -2.22045e-16 0 0 0 0 2.22045e-16 0 -2.22045e-16 -1.11022e-16 -1.11022e-16
0 0 1.11022e-16 0 0 0 0 0 1.11022e-16 2.22045e-16 0 -2.22045e-16 -1.11022e-16 0 2.22045e-16 1.11022e-16 -3.33067e-16 -2.22045e-16 3.33067e-16 1.11022e-16 1.11022e-16 -2.22045e-16 -1.11022e-16 3.33067e-16 2.22045e-16 -2.22045e-16 -2.22045e-16 0 5.55112e-17 0 0 0 0 0 -4.16334e-17 -3.26264e-17 2.77556e-17 5.55112e-17 1.66533e-16 5.55112e-17 -5.55112e-17 -2.22045e-16 -2.22045e-16 2.22045e-16 2.22045e-16 -1.11022e-16 -2.22045e-16 1.11022e-16 1.11022e-16 1.11022e-16 -3.33067e-16 -2.22045e-16 1.11022e-16 2.22045e-16 1.11022e-16 -2.22045e-16 -1.11022e-16 1.11022e-16 1.11022e-16 1.11022e-16 -1.11022e-16 -1.11022e-16 0 0
0 5.55112e-17 5.55112e-17 5.55112e-17 -5.55112e-17 -5.55112e-17 -5.55112e-17 -1.11022e-16 2.22045e-16 1.11022e-16 1.11022e-16 -2.22045e-16 -2.22045e-16 4.44089e-16 2.22045e-16 8.32667e-17 -2.498e-16 -2.77556e-17 1.94289e-16 1.94289e-16 -2.77556e-17 -1.38778e-16 8.32667e-17 1.94289e-16 -2.77556e-17 -2.498e-16 -1.38778e-16 8.32667e-17 2.77556e-17 2.77556e-17 0 2.77556e-17 -2.77556e-17 0 -3.26264e-17 -5.55112e-17 2.77556e-17 1.38778e-16 1.38778e-16 -8.32667e-17 -1.38778e-16 -1.38778e-16 -1.38778e-16 3.05311e-16 1.94289e-16 -2.498e-16 -2.498e-16 3.05311e-16 8.32667e-17 -1.38778e-16 -2.498e-16 -1.38778e-16 2.22045e-16 3.33067e-16 -2.22045e-16 -2.22045e-16 0 2.22045e-16 1.11022e-16 -1.11022e-16 -1.11022e-16 0 0 5.55112e-17
0 0 5.55112e-17 0 -5.55112e-17 -5.55112e-17 0 -5.55112e-17 5.55112e-17 1.66533e-16 -5.55112e-17 -2.77556e-16 5.55112e-17 2.77556e-16 -5.55112e-17 -5.55112e-17 5.55112e-17 -2.77556e-16 1.66533e-16 1.66533e-16 -1.66533e-16 5.55112e-17 1.66533e-16 -5.55112e-17 5.55112e-17 -1.66533e-16 -5.55112e-17 -5.55112e-17 5.55112e-17 0 2.77556e-17 -1.38778e-17 -1.38778e-17 -4.87082e-18 -2.77556e-17 -2.77556e-17 5.55112e-17 1.11022e-16 5.55112e-17 -1.66533e-16 -5.55112e-17 -5.55112e-17 1.66533e-16 1.66533e-16 -5.55112e-17 -2.77556e-16 -5.55112e-17 2.77556e-16 -2.77556e-16 -1.66533e-16 -1.66533e-16 -5.55112e-17 3.88578e-16 5.55112e-17 -1.66533e-16 -1.66533e-16 5.55112e-17 1.66533e-16 -1.11022e-16 -5.55112e-17 0 5.55112e-17 2.77556e-17 0
0 -2.43541e-18 1.14424e-17 1.14424e-17 1.14424e-17 1.14424e-17 1.22465e-16 -9.95799e-17 1.22465e-16 1.14424e-17 -9.95799e-17 1.22465e-16 1.14424e-17 1.14424e-17 1.14424e-17 2.33487e-16 -2.10602e-16 -2.10602e-16 1.22465e-16 1.14424e-17 1.22465e-16 1.14424e-17 -9.95799e-17 1.14424e-17 1.22465e-16 1.14424e-17 -9.95799e-17 1.14424e-17 1.14424e-17 1.14424e-17 -1.63132e-17 -2.43541e-18 0 -2.43541e-18 -1.63132e-17 1.14424e-17 6.69535e-17 1.14424e-17 1.14424e-17 1.14424e-17 1.14424e-17 1.14424e-17 -9.95799e-17 1.22465e-16 1.14424e-17 1.14424e-17 1.14424e-17 1.14424e-17 -9.95799e-17 1.14424e-17 1.14424e-17 1.22465e-16 1.14424e-17 1.14424e-17 -9.95799e-17 1.14424e-17 1.22465e-16 1.14424e-17 -9.95799e-17 6.69535e-17 6.69535e-17 6.69535e-17 1.14424e-17 -1.63132e-17
0 0 0 5.55112e-17 5.55112e-17 5.55112e-17 0 -1.66533e-16 -5.55112e-17 -5.55112e-17 1.66533e-16 -5.55112e-17 -2.77556e-16 -4.16334e-17 2.91434e-16 -4.16334e-17 -1.52656e-16 -3.747e-16 6.93889e-17 1.80411e-16 6.93889e-17 -2.63678e-16 -1.52656e-16 6.93889e-17 1.80411e-16 -1.52656e-16 -4.16334e-17 -4.16334e-17 1.38778e-17 -1.38778e-17 -1.38778e-17 9.00697e-18 0 0 4.16334e-17 1.38778e-17 -4.16334e-17 -4.16334e-17 6.93889e-17 -4.16334e-17 1.80411e-16 -1.52656e-16 -2.63678e-16 6.93889e-17 1.80411e-16 6.93889e-17 -3.747e-16 1.80411e-16 6.93889e-17 6.93889e-17 1.80411e-16 -2.77556e-16 -5.55112e-17 5.55112e-17 -5.55112e-17 -1.66533e-16 -1.66533e-16 -5.55112e-17 -5.55112e-17 5.55112e-17 5.55112e-17 5.55112e-17 -2.77556e-17 -2.77556e-17
0 -5.55112e-17 0 1.11022e-16 1.11022e-16 -5.55112e-17 0 -2.22045e-16 5.55112e-17 2.77556e-16 5.55112e-17 -1.66533e-16 -1.66533e-16 2.77556e-16 1.66533e-16 -5.55112e-17 -1.66533e-16 -2.77556e-16 3.88578e-16 1.66533e-16 -5.55112e-17 -2.77556e-16 -5.55112e-17 2.77556e-16 5.55112e-17 -5.55112e-17 -1.11022e-16 -5.55112e-17 -2.77556e-17 -1.38778e-17 -4.87082e-18 2.77556e-17 0 5.55112e-17 2.77556e-17 -1.11022e-16 -1.11022e-16 -5.55112e-17 1.66533e-16 2.77556e-16 5.55112e-17 -1.66533e-16 -2.77556e-16 3.88578e-16 2.77556e-16 -2.77556e-16 -2.77556e-16 2.77556e-16 1.66533e-16 2.77556e-16 -1.66533e-16 -2.77556e-16 5.55112e-17 1.66533e-16 -5.55112e-17 -1.66533e-16 -5.55112e-17 1.66533e-16 5.55112e-17 1.66533e-16 0 0 -5.55112e-17 -5.55112e-17
-1.11022e-16 0 2.22045e-16 2.22045e-16 0 -1.11022e-16 -2.22045e-16 -2.22045e-16 3.33067e-16 2.22045e-16 -5.55112e-17 -2.77556e-16 5.55112e-17 1.66533e-16 5.55112e-17 5.55112e-17 -2.77556e-16 -1.66533e-16 2.77556e-16 5.55112e-17 -1.66533e-16 -5.55112e-17 1.66533e-16 1.11022e-16 1.66533e-16 -1.11022e-16 -1.11022e-16 -8.32667e-17 1.38778e-17 2.28848e-17 0 5.55112e-17 5.55112e-17 5.55112e-17 -1.11022e-16 -1.66533e-16 0 5.55112e-17 1.66533e-16 -5.55112e-17 -1.66533e-16 -2.77556e-16 5.55112e-17 2.77556e-16 -5.55112e-17 -2.77556e-16 -5.55112e-17 2.77556e-16 1.66533e-16 -1.66533e-16 -2.77556e-16 -5.55112e-17 2.77556e-16 2.77556e-16 -1.66533e-16 -3.33067e-16 -1.11022e-16 1.11022e-16 0 0 0 0 0 -1.11022e-16
0 0 2.22045e-16 0 0 -1.11022e-16 0 0 2.22045e-16 0 -2.22045e-16 1.11022e-16 -1.66533e-16 1.66533e-16 -5.55112e-17 -5.55112e-17 -5.55112e-17 -1.66533e-16 5.55112e-17 5.55112e-17 -5.55112e-17 0 0 1.66533e-16 1.11022e-16 -1.11022e-16 -1.11022e-16 -9.71445e-17 2.28848e-17 -2.77556e-17 2.77556e-17 5.55112e-17 5.55112e-17 -5.55112e-17 -1.66533e-16 -5.55112e-17 0 2.77556e-16 5.55112e-17 -1.66533e-16 -1.66533e-16 -1.66533e-16 5.55112e-17 -5.55112e-17 -5.55112e-17 -1.66533e-16 -5.55112e-17 3.88578e-16 -1.66533e-16 -1.66533e-16 -2.22045e-16 0 1.11022e-16 1.11022e-16 -1.11022e-16 -1.11022e-16 0 2.22045e-16 0 0 1.11022e-16 -1.11022e-16 -2.22045e-16 0
1.11022e-16 1.11022e-16 0 1.11022e-16 -1.11022e-16 -1.11022e-16 2.22045e-16 0 0 0 2.22045e-16 0 0 0 5.55112e-17 5.55112e-17 5.55112e-17 -2.77556e-16 1.66533e-16 1.11022e-16 1.11022e-16 -1.11022e-16 5.55112e-17 1.11022e-16 1.11022e-16 -1.11022e-16 -1.52656e-16 -3.26264e-17 2.77556e-17 0 1.11022e-16 5.55112e-17 -5.55112e-17 -1.11022e-16 -1.66533e-16 -5.55112e-17 2.22045e-16 5.55112e-17 5.55112e-17 -5.55112e-17 1.66533e-16 5.55112e-17 -3.88578e-16 1.66533e-16 1.66533e-16 5.55112e-17 5.55112e-17 2.22045e-16 0 0 0 0 -1.11022e-16 -1.11022e-16 -1.11022e-16 -1.11022e-16 0 2.22045e-16 0 1.11022e-16 -1.11022e-16 0 -1.11022e-16 0
0 0 0 0 0 1.11022e-16 1.11022e-16 -2.22045e-16 0 2.22045e-16 0 -1.11022e-16 -1.11022e-16 0 1.11022e-16 1.11022e-16 -2.22045e-16 -3.33067e-16 2.22045e-16 2.22045e-16 0 -5.55112e-17 0 1.11022e-16 8.32667e-17 -1.52656e-16 -8.81375e-17 -8.32667e-17 0 5.55112e-17 5.55112e-17 0 -1.11022e-16 0 0 0 -5.55112e-17 0 0 0 1.11022e-16 -2.22045e-16 -3.33067e-16 2.22045e-16 1.11022e-16 1.11022e-16 -3.33067e-16 1.11022e-16 0 1.11022e-16 0 -3.33067e-16 1.11022e-16 2.22045e-16 0 0 0 2.22045e-16 -2.22045e-16 2.22045e-16 -2.22045e-16 0 0 0
0 0 0 0 2.22045e-16 0 -2.22045e-16 -2.22045e-16 3.33067e-16 1.11022e-16 0 -1.11022e-16 -2.22045e-16 2.22045e-16 2.22045e-16 -1.11022e-16 -2.22045e-16 -2.22045e-16 3.33067e-16 1.11022e-16 5.55112e-17 -1.11022e-16 5.55112e-17 8.32667e-17 6.93889e-17 -8.81375e-17 -1.38778e-16 0 0 0 -5.55112e-17 -1.11022e-16 0 0 2.22045e-16 -1.11022e-16 -1.66533e-16 0 1.11022e-16 1.11022e-16 -2.22045e-16 -2.22045e-16 0 2.22045e-16 3.33067e-16 -2.22045e-16 -1.11022e-16 2.22045e-16 1.11022e-16 1.11022e-16 -2.22045e-16 0 0 0 0 0 0 0 0 2.22045e-16 2.22045e-16 0 0 0
0 -2.22045e-16 0 2.22045e-16 0 -2.22045e-16 0 0 1.11022e-16 1.11022e-16 -1.11022e-16 -2.22045e-16 0 2.22045e-16 0 -1.11022e-16 -1.11022e-16 -1.11022e-16 2.22045e-16 1.66533e-16 0 -1.11022e-16 -2.77556e-17 6.93889e-17 1.33907e-16 -1.38778e-16 -5.55112e-17 0 5.55112e-17 -5.55112e-17 -1.11022e-16 0 0 2.22045e-16 0 -2.22045e-16 -2.22045e-16 2.22045e-16 2.22045e-16 -2.22045e-16 -1.11022e-16 -1.11022e-16 1.11022e-16 4.44089e-16 0 -2.22045e-16 0 3.33067e-16 1.11022e-16 -2.22045e-16 0 0 0 0 -2.22045e-16 -2.22045e-16 -2.22045e-16 2.22045e-16 0 2.22045e-16 2.22045e-16 0 2.22045e-16 0
0 0 4.44089e-16 2.22045e-16 0 0 2.22045e-16 0 0 1.11022e-16 -1.11022e-16 -1.11022e-16 0 0 0 0 0 -2.22045e-16 2.22045e-16 1.11022e-16 -5.55112e-17 -1.38778e-16 -4.16334e-17 1.33907e-16 8.32667e-17 -5.55112e-17 -5.55112e-17 0 -1.11022e-16 -1.11022e-16 0 1.11022e-16 1.11022e-16 0 -1.11022e-16 -2.22045e-16 0 2.22045e-16 0 -1.11022e-16 0 -1.11022e-16 0 1.11022e-16 0 -1.11022e-16 -1.11022e-16 4.44089e-16 -2.22045e-16 -2.22045e-16 -2.22045e-16 -2.22045e-16 2.22045e-16 2.22045e-16 0 -2.22045e-16 0 2.22045e-16 0 0 0 2.22045e-16 0 0
-2.22045e-16 2.22045e-16 2.22045e-16 -2.22045e-16 -2.22045e-16 2.22045e-16 0 0 0 0 1.11022e-16 0 -2.22045e-16 0 1.11022e-16 1.11022e-16 -1.11022e-16 -2.22045e-16 1.66533e-16 1.11022e-16 0 -1.52656e-16 2.28848e-17 8.32667e-17 5.55112e-17 -5.55112e-17 -1.11022e-16 -1.11022e-16 -1.66533e-16 -1.11022e-16 0 3.33067e-16 0 -1.11022e-16 -2.22045e-16 1.11022e-16 2.22045e-16 -2.22045e-16 -1.11022e-16 1.11022e-16 2.22045e-16 0 -2.22045e-16 2.22045e-16 2.22045e-16 -2.22045e-16 0 0 0 0 -2.22045e-16 0 0 2.22045e-16 -2.22045e-16 0 -2.22045e-16 0 2.22045e-16 4.44089e-16 2.22045e-16 0 0 -2.22045e-16
2.22045e-16 0 0 0 2.22045e-16 -2.22045e-16 0 -2.22045e-16 0 2.22045e-16 1.11022e-16 -2.22045e-16 -2.22045e-16 1.11022e-16 2.22045e-16 0 0 -2.22045e-16 2.22045e-16 8.32667e-17 -4.16334e-17 -8.81375e-17 -2.77556e-17 1.66533e-16 1.66533e-16 -1.11022e-16 -5.55112e-17 -5.55112e-17 -5.55112e-17 0 1.11022e-16 0 -1.11022e-16 -1.11022e-16 1.11022e-16 0 -2.22045e-16 0 1.11022e-16 0 2.22045e-16 -2.22045e-16 -1.11022e-16 2.22045e-16 2.22045e-16 0 0 0 0 0 -2.22045e-16 0 0 0 0 -2.22045e-16 0 0 0 2.22045e-16 2.22045e-16 0 -2.22045e-16 0
0 0 0 4.44089e-16 0 0 0 -4.44089e-16 0 2.22045e-16 -1.11022e-16 -2.22045e-16 -1.11022e-16 2.22045e-16 2.22045e-16 1.11022e-16 -1.11022e-16 -2.77556e-16 1.94289e-16 6.93889e-17 2.28848e-17 -1.38778e-16 5.55112e-17 2.22045e-16 1.66533e-16 -2.77556e-16 -1.11022e-16 5.55112e-17 1.11022e-16 0 0 -1.11022e-16 -1.11022e-16 1.11022e-16 1.11022e-16 -2.22045e-16 -2.22045e-16 1.11022e-16 1.11022e-16 2.22045e-16 -1.11022e-16 -2.22045e-16 0 2.22045e-16 2.22045e-16 -4.44089e-16 -2.22045e-16 0 0 2.22045e-16 0 0 0 0 -2.22045e-16 0 0 4.44089e-16 0 4.44089e-16 0 -2.22045e-16 0 0
0 0 2.22045e-16 0 0 -2.22045e-16 -2.22045e-16 0 4.44089e-16 0 -1.11022e-16 -1.11022e-16 0 1.11022e-16 2.22045e-16 0 -1.11022e-16 -2.22045e-16 1.80411e-16 1.33907e-16 -2.77556e-17 -1.66533e-16 -5.55112e-17 1.11022e-16 5.55112e-17 -3.33067e-16 -3.33067e-16 -5.55112e-17 2.22045e-16 0 -1.11022e-16 -2.22045e-16 1.11022e-16 2.22045e-16 -2.22045e-16 -2.22045e-16 0 2.22045e-16 3.33067e-16 -1.11022e-16 -1.11022e-16 -1.11022e-16 -2.22045e-16 2.22045e-16 0 0 0 2.22045e-16 0 0 0 -4.44089e-16 2.22045e-16 0 0 -4.44089e-16 4.44089e-16 0 0 0 -4.44089e-16 0 0 0
-2.22045e-16 4.44089e-16 0 0 0 -2.22045e-16 0 0 0 0 0 0 -1.11022e-16 1.66533e-16 1.11022e-16 5.55112e-17 -1.38778e-16 -2.63678e-16 2.44929e-16 8.32667e-17 -5.55112e-17 -5.55112e-17 -5.55112e-17 1.66533e-16 0 -2.22045e-16 -1.11022e-16 0 0 -2.22045e-16 -2.22045e-16 1.11022e-16 1.11022e-16 -2.22045e-16 -2.22045e-16 0 1.11022e-16 2.22045e-16 -1.11022e-16 0 1.11022e-16 -1.11022e-16 0 4.44089e-16 0 0 -2.22045e-16 2.22045e-16 0 -2.22045e-16 0 -4.44089e-16 0 0 0 0 0 0 0 0 0 4.44089e-16 0 0
2.22045e-16 0 0 0 -2.22045e-16 0 2.22045e-16 -2.22045e-16 0 1.11022e-16 1.11022e-16 -1.11022e-16 0 5.55112e-17 1.11022e-16 0 -1.52656e-16 -1.9916e-16 1.94289e-16 5.55112e-17 5.55112e-17 0 -1.66533e-16 1.11022e-16 0 0 2.22045e-16 -1.11022e-16 -1.11022e-16 -2.22045e-16 0 1.11022e-16 -2.22045e-16 0 0 0 1.11022e-16 0 0 0 1.11022e-16 0 -2.22045e-16 0 0 -2.22045e-16 -2.22045e-16 2.22045e-16 0 0 -4.44089e-16 -4.44089e-16 4.44089e-16 0 0 0 0 0 0 0 4.44089e-16 0 -4.44089e-16 0
0 0 0 0 2.22045e-16 0 -2.22045e-16 -2.22045e-16 2.22045e-16 2.22045e-16 0 0 -1.11022e-16 1.11022e-16 8.32667e-17 -4.16334e-17 -8.81375e-17 -2.498e-16 1.66533e-16 1.66533e-16 1.11022e-16 -1.66533e-16 -2.22045e-16 2.22045e-16 0 0 -1.11022e-16 -3.33067e-16 0 1.11022e-16 1.11022e-16 -2.22045e-16 -1.11022e-16 1.11022e-16 1.11022e-16 1.11022e-16 -2.22045e-16 0 1.11022e-16 1.11022e-16 1.11022e-16 -4.44089e-16 0 4.44089e-16 2.22045e-16 0 0 2.22045e-16 0 -4.44089e-16 0 0 0 0 0 0 0 0 0 0 4.44089e-16 0 0 0
0 0 0 0 0 -4.44089e-16 0 -2.22045e-16 2.22045e-16 2.22045e-16 1.11022e-16 -1.11022e-16 -5.55112e-17 8.32667e-17 6.93889e-17 2.28848e-17 -2.77556e-17 -2.77556e-16 2.77556e-16 1.66533e-16 -5.55112e-17 -2.22045e-16 -1.11022e-16 1.11022e-16 2.22045e-16 -1.11022e-16 -3.33067e-16 -2.22045e-16 0 2.22045e-16 -1.11022e-16 -2.22045e-16 0 1.11022e-16 2.22045e-16 -2.22045e-16 -1.66533e-16 1.11022e-16 2.22045e-16 1.11022e-16 -2.22045e-16 -4.44089e-16 0 2.22045e-16 2.22045e-16 0 -2.22045e-16 0 -4.44089e-16 -4.44089e-16 -4.44089e-16 -4.44089e-16 0 4.44089e-16 4.44089e-16 0 0 0 0 0 -4.44089e-16 0 0 0
0 -2.22045e-16 4.44089e-16 4.44089e-16 0 -2.22045e-16 0 0 1.11022e-16 1.11022e-16 0 -1.11022e-16 -1.11022e-16 6.93889e-17 1.33907e-16 8.32667e-17 -5.55112e-17 -1.66533e-16 3.33067e-16 5.55112e-17 -1.11022e-16 -2.22045e-16 0 4.44089e-16 0 -1.11022e-16 -3.33067e-16 0 1.11022e-16 -1.11022e-16 -2.22045e-16 0 1.11022e-16 3.33067e-16 -1.11022e-16 -2.22045e-16 0 2.22045e-16 2.22045e-16 -1.11022e-16 0 -2.22045e-16 0 2.22045e-16 0 0 0 0 0 0 -4.44089e-16 0 0 0 -4.44089e-16 -4.44089e-16 0 0 4.44089e-16 0 0 0 0 0
-2.22045e-16 2.22045e-16 0 -2.22045e-16 0 0 0 -1.11022e-16 1.11022e-16 1.11022e-16 0 -1.11022e-16 -1.66533e-16 1.33907e-16 1.94289e-16 5.55112e-17 5.55112e-17 -1.11022e-16 1.66533e-16 0 0 0 2.22045e-16 1.11022e-16 0 -2.22045e-16 0 1.66533e-16 -3.33067e-16 -1.11022e-16 0 1.11022e-16 2.22045e-16 -1.11022e-16 -2.22045e-16 0 2.22045e-16 1.11022e-16 -1.11022e-16 0 2.22045e-16 -2.22045e-16 0 4.44089e-16 2.22045e-16 -4.44089e-16 -4.44089e-16 0 0 0 0 -4.44089e-16 0 0 -4.44089e-16 0 0 0 0 0 4.44089e-16 0 0 0
2.22045e-16 0 0 -2.22045e-16 0 0 0 0 0 1.11022e-16 0 -1.66533e-16 -8.81375e-17 8.32667e-17 1.66533e-16 -5.55112e-17 -1.11022e-16 -3.33067e-16 1.11022e-16 0 2.22045e-16 1.11022e-16 0 -1.11022e-16 0 2.22045e-16 -1.11022e-16 -1.11022e-16 -1.11022e-16 0 1.11022e-16 2.22045e-16 -1.11022e-16 -1.11022e-16 -1.11022e-16 1.11022e-16 1.11022e-16 -1.11022e-16 1.11022e-16 0 -2.22045e-16 0 0 2.22045e-16 0 0 -4.44089e-16 4.44089e-16 0 4.44089e-16 -4.44089e-16 0 0 0 0 0 4.44089e-16 4.44089e-16 -4.44089e-16 0 0 0 0 0
2.22045e-16 0 -2.22045e-16 0 2.22045e-16 0 1.11022e-16 -2.22045e-16 1.11022e-16 1.11022e-16 -5.55112e-17 -8.81375e-17 -2.77556e-17 5.55112e-17 5.55112e-17 0 -1.11022e-16 -3.33067e-16 1.11022e-16 2.22045e-16 2.22045e-16 0 0 0 1.11022e-16 1.11022e-16 -2.22045e-16 -1.11022e-16 -5.55112e-17 2.22045e-16 1.11022e-16 -1.11022e-16 -1.11022e-16 0 0 1.11022e-16 -1.11022e-16 -1.11022e-16 2.22045e-16 0 -2.22045e-16 0 -2.22045e-16 0 0 0 0 0 0 4.44089e-16 0 0 0 0 0 0 0 0 4.44089e-16 0 4.44089e-16 0 -4.44089e-16 0
-2.22045e-16 0 0 0 0 0 0 -1.11022e-16 1.11022e-16 5.55112e-17 2.28848e-17 -1.38778e-16 -5.55112e-17 1.66533e-16 1.11022e-16 -1.11022e-16 -1.11022e-16 -2.22045e-16 1.11022e-16 2.22045e-16 -1.11022e-16 -2.22045e-16 -1.11022e-16 2.22045e-16 2.22045e-16 -4.44089e-16 -2.22045e-16 -1.11022e-16 -1.11022e-16 2.22045e-16 -2.22045e-16 0 0 1.11022e-16 0 -1.11022e-16 -1.11022e-16 0 2.22045e-16 0 0 0 -2.22045e-16 2.22045e-16 2.22045e-16 0 0 4.44089e-16 0 4.44089e-16 0 -4.44089e-16 0 0 0 0 0 4.44089e-16 0 -4.44089e-16 4.44089e-16 -4.44089e-16 2.22045e-16 0
0 0 2.22045e-16 2.22045e-16 0 0 0 -1.11022e-16 5.55112e-17 1.33907e-16 -2.77556e-17 -5.55112e-17 -1.66533e-16 2.22045e-16 0 -2.22045e-16 -3.33067e-16 -2.22045e-16 4.44089e-16 2.22045e-16 0 -2.22045e-16 0 1.11022e-16 -1.11022e-16 -2.22045e-16 -1.11022e-16 2.22045e-16 2.22045e-16 -1.11022e-16 -2.22045e-16 0 1.11022e-16 0 -1.11022e-16 -2.22045e-16 -1.11022e-16 0 0 0 0 -2.22045e-16 0 2.22045e-16 2.22045e-16 0 0 4.44089e-16 0 0 -4.44089e-16 0 4.44089e-16 4.44089e-16 -4.44089e-16 -4.44089e-16 0 0 0 0 0 2.22045e-16 0 0
0 0 0 2.22045e-16 0 -1.11022e-16 0 -1.66533e-16 1.33907e-16 8.32667e-17 5.55112e-17 5.55112e-17 -1.11022e-16 0 -1.11022e-16 -1.11022e-16 -1.11022e-16 0 2.22045e-16 0 -2.22045e-16 2.22045e-16 0 0 -1.11022e-16 0 1.11022e-16 2.22045e-16 0 -1.11022e-16 0 1.11022e-16 1.11022e-16 -1.11022e-16 -1.11022e-16 -1.11022e-16 0 1.11022e-16 0 0 -2.22045e-16 0 -2.22045e-16 2.22045e-16 0 0 0 0 0 0 0 0 4.44089e-16 0 0 0 4.44089e-16 0 -4.44089e-16 0 0 2.22045e-16 0 -2.22045e-16
0 2.22045e-16 1.11022e-16 0 0 -1.11022e-16 -5.55112e-17 -8.81375e-17 8.32667e-17 1.66533e-16 1.66533e-16 0 -2.22045e-16 0 0 2.22045e-16 -2.22045e-16 -2.22045e-16 2.22045e-16 2.22045e-16 0 0 -2.22045e-16 0 2.22045e-16 0 1.11022e-16 -2.22045e-16 0 -1.11022e-16 1.11022e-16 1.11022e-16 -1.11022e-16 -1.66533e-16 0 0 0 1.11022e-16 2.22045e-16 -2.22045e-16 2.22045e-16 -2.22045e-16 -2.22045e-16 2.22045e-16 4.44089e-16 0 0 0 -4.44089e-16 0 0 0 0 0 4.44089e-16 0 0 0 -4.44089e-16 0 0 -2.22045e-16 0 0
0 0 0 1.11022e-16 -5.55112e-17 -1.11022e-16 2.28848e-17 -1.38778e-16 1.66533e-16 2.22045e-16 0 0 -3.33067e-16 0 0 0 -2.22045e-16 -2.22045e-16 0 4.44089e-16 0 -4.44089e-16 0 0 2.22045e-16 0 -2.22045e-16 -2.22045e-16 0 1.11022e-16 1.11022e-16 -5.55112e-17 -1.11022e-16 -5.55112e-17 5.55112e-17 -1.11022e-16 0 1.11022e-16 0 0 0 -2.22045e-16 0 4.44089e-16 0 0 0 0 0 0 0 0 -4.44089e-16 4.44089e-16 0 0 -4.44089e-16 0 4.44089e-16 2.22045e-16 -2.22045e-16 -2.22045e-16 0 0
0 0 1.11022e-16 0 0 -3.26264e-17 -2.77556e-17 -5.55112e-17 1.11022e-16 2.22045e-16 0 -1.11022e-16 -2.22045e-16 2.22045e-16 4.44089e-16 0 -4.44089e-16 -2.22045e-16 2.22045e-16 2.22045e-16 -2.22045e-16 0 0 0 2.22045e-16 -2.22045e-16 -2.22045e-16 -2.22045e-16 2.22045e-16 1.11022e-16 -1.11022e-16 -5.55112e-17 0 0 5.55112e-17 -1.11022e-16 -1.11022e-16 1.11022e-16 2.22045e-16 0 0 -2.22045e-16 0 4.44089e-16 4.44089e-16 -4.44089e-16 -4.44089e-16 0 0 0 0 0 0 0 -4.44089e-16 0 0 0 2.22045e-16 0 -2.22045e-16 0 0 2.22045e-16
0 0 0 2.77556e-17 2.28848e-17 -8.32667e-17 5.55112e-17 0 1.11022e-16 1.11022e-16 0 0 0 4.44089e-16 0 0 0 -4.44089e-16 4.44089e-16 0 -4.44089e-16 0 0 4.44089e-16 0 0 -4.44089e-16 1.11022e-16 1.11022e-16 -1.11022e-16 -1.11022e-16 5.55112e-17 5.55112e-17 5.55112e-17 -5.55112e-17 0 1.11022e-16 0 0 2.22045e-16 0 -2.22045e-16 -2.22045e-16 4.44089e-16 0 -4.44089e-16 0 4.44089e-16 4.44089e-16 0 -4.44089e-16 0 0 4.44089e-16 0 -4.44089e-16 -4.44089e-16 2.22045e-16 -4.44089e-16 0 0 0 2.22045e-16 0
0 -5.55112e-17 0 7.83959e-17 2.77556e-17 0 0 -1.11022e-16 0 0 -2.22045e-16 -2.22045e-16 0 2.22045e-16 0 0 0 -2.22045e-16 0 0 0 0 2.22045e-16 0 0 0 0 0 -2.22045e-16 -1.11022e-16 0 5.55112e-17 5.55112e-17 5.55112e-17 0 -1.11022e-16 -1.11022e-16 1.11022e-16 0 0 0 0 0 2.22045e-16 0 0 4.44089e-16 4.44089e-16 0 0 0 0 0 0 -4.44089e-16 0 0 0 -2.22045e-16 0 0 2.22045e-16 0 0
-5.55112e-17 0 2.28848e-17 2.77556e-17 0 0 1.11022e-16 -3.33067e-16 0 2.22045e-16 0 0 0 0 2.22045e-16 0 2.22045e-16 -2.22045e-16 2.22045e-16 2.22045e-16 2.22045e-16 2.22045e-16 0 2.22045e-16 2.22045e-16 2.22045e-16 2.22045e-16 -1.11022e-16 -2.22045e-16 0 0 5.55112e-17 2.77556e-17 -2.77556e-17 -5.55112e-17 -1.11022e-16 -1.11022e-16 0 2.22045e-16 0 2.22045e-16 0 0 2.22045e-16 2.22045e-16 0 0 0 0 0 0 0 0 -4.44089e-16 0 0 2.22045e-16 2.22045e-16 2.22045e-16 2.22045e-16 2.22045e-16 0 -1.11022e-16 -1.11022e-16
-2.77556e-17 -4.87082e-18 5.55112e-17 5.55112e-17 1.11022e-16 -1.11022e-16 -1.11022e-16 0 2.22045e-16 0 4.44089e-16 0 0 2.22045e-16 4.44089e-16 4.44089e-16 0 0 4.44089e-16 4.44089e-16 2.22045e-16 -2.22045e-16 0 0 2.22045e-16 0 0 -1.11022e-16 0 -1.11022e-16 1.11022e-16 5.55112e-17 0 0 -5.55112e-17 -2.22045e-16 0 0 2.22045e-16 0 0 0 -2.22045e-16 4.44089e-16 4.44089e-16 0 0 0 0 0 0 0 0 4.44089e-16 0 0 0 2.22045e-16 2.22045e-16 4.44089e-16 0 0 -1.11022e-16 -5.55112e-17

